100 300
1 6 
1 93 
1 39 
1 75 
2 13 
2 67 
2 55 
2 62 
2 41 
2 22 
2 79 
2 19 
3 73 
3 69 
3 23 
3 97 
3 74 
3 11 
4 90 
4 31 
4 26 
4 56 
4 17 
4 9 
5 22 
5 14 
5 99 
5 52 
5 41 
5 85 
6 36 
6 1 
6 53 
7 33 
7 32 
7 83 
7 63 
7 69 
7 100 
7 88 
7 53 
8 80 
8 41 
8 95 
8 26 
8 100 
8 63 
9 54 
9 28 
9 89 
9 30 
9 39 
9 4 
9 47 
10 30 
10 82 
10 99 
11 67 
11 55 
11 3 
11 41 
12 53 
12 69 
12 44 
12 43 
12 40 
13 2 
13 59 
13 18 
13 29 
14 70 
14 64 
14 72 
14 50 
14 5 
14 39 
14 30 
14 25 
15 19 
15 48 
15 76 
15 100 
15 82 
15 20 
15 25 
16 85 
16 59 
17 50 
17 20 
17 4 
17 49 
18 60 
18 43 
18 13 
18 79 
18 86 
18 49 
19 24 
19 46 
19 15 
19 96 
19 90 
19 59 
19 54 
19 2 
20 31 
20 47 
20 23 
20 17 
20 15 
21 26 
21 94 
22 100 
22 5 
22 44 
22 76 
22 58 
22 88 
22 2 
22 27 
22 41 
22 79 
22 57 
23 99 
23 56 
23 20 
23 39 
23 3 
24 19 
24 97 
24 41 
24 54 
24 35 
24 28 
24 93 
25 81 
25 95 
25 15 
25 14 
26 21 
26 78 
26 88 
26 4 
26 70 
26 95 
26 59 
26 8 
26 37 
27 78 
27 86 
27 22 
27 82 
28 42 
28 9 
28 37 
28 24 
28 75 
28 68 
28 38 
28 34 
29 40 
29 13 
30 10 
30 9 
30 95 
30 42 
30 83 
30 93 
30 97 
30 38 
30 14 
31 4 
31 91 
31 20 
31 45 
31 44 
31 85 
31 74 
31 40 
32 64 
32 7 
32 89 
32 81 
33 79 
33 74 
33 7 
33 59 
33 67 
33 56 
33 38 
33 43 
34 50 
34 46 
34 49 
34 70 
34 28 
34 44 
35 38 
35 24 
35 60 
36 6 
36 91 
36 79 
36 66 
37 55 
37 28 
37 82 
37 48 
37 26 
38 35 
38 33 
38 98 
38 30 
38 28 
38 62 
38 58 
39 67 
39 54 
39 45 
39 55 
39 1 
39 9 
39 23 
39 14 
40 45 
40 79 
40 97 
40 12 
40 31 
40 29 
40 95 
41 94 
41 75 
41 24 
41 8 
41 2 
41 22 
41 5 
41 58 
41 11 
42 28 
42 77 
42 73 
42 30 
42 96 
43 12 
43 100 
43 18 
43 81 
43 87 
43 33 
44 22 
44 70 
44 12 
44 99 
44 31 
44 47 
44 65 
44 85 
44 82 
44 45 
44 34 
45 53 
45 39 
45 70 
45 40 
45 31 
45 78 
45 85 
45 44 
46 91 
46 95 
46 19 
46 92 
46 66 
46 86 
46 65 
46 34 
47 20 
47 97 
47 60 
47 50 
47 44 
47 9 
48 15 
48 100 
48 37 
49 66 
49 67 
49 87 
49 50 
49 91 
49 52 
49 34 
49 18 
49 17 
50 82 
50 74 
50 89 
50 17 
50 49 
50 14 
50 47 
50 34 
50 56 
51 53 
52 69 
52 95 
52 61 
52 49 
52 5 
52 91 
53 83 
53 12 
53 45 
53 57 
53 59 
53 84 
53 88 
53 6 
53 95 
53 51 
53 7 
53 92 
54 9 
54 39 
54 24 
54 96 
54 19 
55 37 
55 39 
55 65 
55 2 
55 11 
56 23 
56 33 
56 4 
56 81 
56 75 
56 89 
56 50 
57 53 
57 68 
57 94 
57 73 
57 80 
57 83 
57 22 
58 80 
58 22 
58 69 
58 41 
58 38 
59 78 
59 71 
59 53 
59 13 
59 16 
59 33 
59 89 
59 90 
59 26 
59 19 
60 18 
60 79 
60 47 
60 98 
60 35 
61 83 
61 52 
62 94 
62 100 
62 2 
62 38 
63 70 
63 99 
63 96 
63 7 
63 78 
63 8 
64 32 
64 14 
64 83 
64 95 
64 70 
65 98 
65 55 
65 46 
65 44 
66 77 
66 49 
66 75 
66 46 
66 36 
66 95 
67 39 
67 49 
67 33 
67 2 
67 11 
67 78 
68 57 
68 89 
68 94 
68 99 
68 28 
69 12 
69 97 
69 52 
69 7 
69 58 
69 3 
70 45 
70 14 
70 44 
70 63 
70 96 
70 26 
70 99 
70 34 
70 64 
71 59 
71 99 
72 14 
72 91 
73 42 
73 91 
73 93 
73 75 
73 3 
73 57 
74 33 
74 50 
74 95 
74 91 
74 88 
74 31 
74 3 
75 41 
75 66 
75 1 
75 73 
75 28 
75 56 
76 22 
76 15 
76 86 
77 66 
77 42 
78 59 
78 27 
78 26 
78 45 
78 92 
78 87 
78 95 
78 63 
78 67 
78 94 
79 33 
79 36 
79 81 
79 60 
79 40 
79 2 
79 84 
79 18 
79 22 
80 58 
80 8 
80 57 
81 25 
81 84 
81 79 
81 56 
81 98 
81 83 
81 43 
81 32 
82 50 
82 10 
82 37 
82 15 
82 27 
82 44 
83 53 
83 84 
83 61 
83 64 
83 7 
83 30 
83 81 
83 57 
84 83 
84 81 
84 53 
84 79 
85 16 
85 31 
85 44 
85 5 
85 45 
86 27 
86 46 
86 76 
86 18 
87 49 
87 90 
87 78 
87 88 
87 43 
88 26 
88 22 
88 95 
88 74 
88 53 
88 7 
88 87 
88 100 
89 9 
89 68 
89 50 
89 59 
89 32 
89 56 
90 4 
90 59 
90 87 
90 92 
90 19 
90 96 
91 46 
91 36 
91 31 
91 73 
91 74 
91 49 
91 72 
91 52 
92 46 
92 78 
92 90 
92 53 
93 1 
93 73 
93 30 
93 24 
94 41 
94 68 
94 62 
94 57 
94 21 
94 78 
95 46 
95 30 
95 25 
95 74 
95 52 
95 88 
95 26 
95 8 
95 64 
95 78 
95 53 
95 40 
95 66 
96 70 
96 19 
96 63 
96 54 
96 42 
96 90 
97 24 
97 99 
97 69 
97 47 
97 40 
97 30 
97 3 
98 65 
98 60 
98 81 
98 38 
99 23 
99 97 
99 63 
99 44 
99 68 
99 70 
99 5 
99 10 
99 71 
100 22 
100 62 
100 48 
100 8 
100 43 
100 15 
100 7 
100 88 
0 0 0