400 1200
1 37 
1 308 
1 60 
1 264 
1 188 
2 355 
2 227 
2 46 
2 388 
2 273 
2 205 
2 75 
2 127 
2 250 
2 393 
3 309 
3 33 
3 234 
3 14 
3 378 
3 21 
3 6 
4 364 
4 218 
4 178 
4 371 
4 158 
4 195 
5 65 
5 67 
6 87 
6 189 
6 234 
6 3 
7 140 
7 159 
7 267 
7 99 
7 375 
7 60 
7 37 
7 208 
7 338 
8 220 
8 143 
8 288 
8 43 
8 69 
8 274 
8 178 
8 85 
9 269 
9 143 
9 141 
9 193 
9 292 
9 43 
9 91 
9 206 
9 197 
9 270 
10 198 
10 50 
10 393 
10 251 
10 57 
10 263 
10 26 
11 332 
11 275 
11 39 
11 140 
11 276 
11 336 
12 205 
12 345 
12 192 
12 330 
12 95 
12 131 
12 271 
12 145 
12 358 
12 397 
13 125 
13 362 
13 270 
13 367 
14 54 
14 3 
14 112 
14 307 
14 45 
14 81 
15 167 
15 79 
15 144 
15 136 
15 153 
15 339 
15 315 
16 120 
16 24 
16 187 
16 239 
16 384 
16 175 
16 318 
17 389 
17 186 
17 195 
18 370 
18 172 
18 252 
18 154 
18 124 
18 101 
18 75 
19 379 
19 125 
19 31 
19 139 
19 259 
19 67 
20 36 
20 243 
20 117 
20 183 
20 399 
20 181 
21 166 
21 70 
21 258 
21 387 
21 190 
21 3 
21 24 
21 270 
21 245 
22 39 
22 112 
22 197 
23 182 
23 150 
23 267 
23 301 
23 269 
23 315 
24 259 
24 149 
24 16 
24 118 
24 49 
24 384 
24 152 
24 21 
24 57 
25 58 
25 285 
25 347 
25 35 
25 49 
25 81 
25 260 
26 356 
26 287 
26 131 
26 114 
26 303 
26 326 
26 10 
26 48 
27 311 
27 255 
27 241 
27 199 
27 238 
27 320 
27 57 
28 376 
29 364 
29 274 
29 91 
29 236 
29 325 
29 281 
30 243 
30 364 
30 184 
30 310 
31 221 
31 19 
31 280 
31 183 
31 328 
31 400 
31 87 
31 63 
31 138 
31 209 
31 146 
32 141 
32 286 
32 105 
32 73 
32 68 
32 399 
32 227 
33 3 
33 298 
33 390 
33 38 
33 297 
33 226 
33 385 
33 329 
33 363 
33 173 
34 283 
34 269 
34 47 
34 370 
35 398 
35 96 
35 101 
35 158 
35 227 
35 137 
35 106 
35 25 
35 290 
36 380 
36 20 
36 48 
36 238 
36 70 
36 100 
36 247 
36 325 
36 96 
37 296 
37 204 
37 1 
37 62 
37 71 
37 7 
37 123 
38 114 
38 328 
38 91 
38 316 
38 33 
38 287 
38 343 
38 355 
38 233 
38 141 
38 285 
39 22 
39 321 
39 11 
39 349 
39 238 
39 232 
39 47 
39 333 
40 124 
40 305 
40 294 
40 83 
40 230 
41 78 
41 64 
41 66 
41 283 
41 128 
42 172 
42 129 
42 211 
42 310 
42 118 
42 263 
42 327 
42 249 
43 8 
43 9 
44 203 
44 231 
44 263 
44 362 
44 131 
44 208 
45 335 
45 220 
45 124 
45 201 
45 268 
45 14 
46 61 
46 150 
46 201 
46 2 
46 245 
46 247 
47 173 
47 299 
47 34 
47 394 
47 39 
48 288 
48 365 
48 207 
48 36 
48 360 
48 196 
48 26 
49 225 
49 328 
49 24 
49 25 
49 219 
50 312 
50 129 
50 10 
50 259 
51 365 
51 182 
51 124 
51 79 
51 184 
52 61 
52 170 
52 350 
52 151 
52 139 
52 260 
52 386 
52 181 
52 372 
53 313 
53 392 
53 333 
53 362 
53 307 
53 97 
53 228 
54 226 
54 14 
54 168 
54 400 
54 57 
54 116 
55 265 
55 88 
55 147 
55 262 
56 68 
56 377 
56 392 
57 283 
57 114 
57 10 
57 230 
57 24 
57 54 
57 27 
57 223 
58 25 
58 292 
58 392 
58 350 
58 298 
58 126 
59 326 
59 329 
59 119 
59 351 
59 186 
59 389 
59 194 
60 391 
60 1 
60 7 
60 398 
60 388 
60 267 
61 52 
61 46 
61 216 
61 202 
61 300 
61 210 
61 258 
61 78 
61 190 
62 235 
62 112 
62 311 
62 37 
63 157 
63 354 
63 252 
63 31 
63 308 
63 206 
64 92 
64 41 
64 87 
64 114 
64 192 
65 144 
65 5 
65 112 
65 347 
66 41 
66 268 
66 344 
66 88 
66 388 
67 255 
67 291 
67 295 
67 5 
67 19 
67 116 
67 166 
67 369 
68 276 
68 175 
68 318 
68 299 
68 32 
68 56 
68 118 
68 375 
69 321 
69 204 
69 8 
69 152 
69 380 
69 148 
69 252 
69 95 
70 21 
70 111 
70 36 
71 242 
71 385 
71 37 
71 92 
72 394 
72 371 
72 332 
72 109 
72 382 
73 347 
73 32 
73 335 
73 172 
73 217 
74 289 
74 276 
74 373 
74 293 
74 245 
74 250 
75 318 
75 255 
75 182 
75 153 
75 334 
75 237 
75 2 
75 112 
75 350 
75 372 
75 18 
75 352 
76 173 
76 386 
77 156 
77 351 
77 373 
77 236 
77 310 
77 111 
78 41 
78 368 
78 61 
79 80 
79 15 
79 170 
79 349 
79 160 
79 362 
79 162 
79 51 
79 213 
80 79 
80 218 
80 137 
80 112 
80 353 
80 364 
80 157 
81 247 
81 154 
81 345 
81 268 
81 226 
81 25 
81 14 
81 275 
82 157 
82 393 
82 368 
83 277 
83 336 
83 40 
83 304 
83 167 
84 376 
84 241 
84 142 
84 370 
84 255 
84 160 
85 130 
85 390 
85 8 
86 145 
86 247 
86 254 
86 101 
87 6 
87 64 
87 340 
87 112 
87 31 
87 166 
87 295 
88 110 
88 55 
88 364 
88 212 
88 66 
88 206 
89 258 
89 185 
89 207 
89 397 
89 368 
90 113 
91 164 
91 354 
91 38 
91 379 
91 136 
91 29 
91 274 
91 9 
92 64 
92 116 
92 244 
92 71 
92 284 
92 149 
92 261 
92 194 
92 331 
93 268 
93 388 
93 309 
93 344 
93 157 
94 243 
94 386 
94 301 
94 319 
94 340 
94 108 
95 96 
95 122 
95 12 
95 283 
95 69 
96 35 
96 354 
96 363 
96 95 
96 112 
96 36 
97 381 
97 374 
97 266 
97 53 
97 194 
97 246 
98 327 
98 265 
99 7 
99 303 
99 132 
99 180 
100 272 
100 192 
100 36 
100 383 
100 142 
101 353 
101 351 
101 35 
101 357 
101 309 
101 341 
101 116 
101 86 
101 239 
101 18 
101 115 
102 229 
102 156 
102 212 
102 388 
102 360 
103 201 
103 222 
104 379 
104 286 
105 285 
105 32 
105 220 
105 263 
105 121 
105 248 
105 126 
106 390 
106 35 
107 195 
108 199 
108 137 
108 94 
109 72 
109 152 
109 252 
110 88 
110 184 
110 318 
110 298 
111 170 
111 70 
111 330 
111 77 
111 158 
112 238 
112 307 
112 62 
112 194 
112 22 
112 65 
112 87 
112 80 
112 14 
112 75 
112 96 
113 174 
113 283 
113 351 
113 322 
113 90 
113 125 
114 38 
114 325 
114 64 
114 231 
114 57 
114 26 
114 348 
115 368 
115 305 
115 389 
115 101 
116 311 
116 92 
116 173 
116 306 
116 101 
116 174 
116 67 
116 232 
116 54 
117 208 
117 20 
117 343 
117 217 
118 267 
118 372 
118 24 
118 42 
118 213 
118 282 
118 68 
119 248 
119 59 
119 234 
119 213 
119 358 
120 16 
120 351 
120 255 
120 365 
121 172 
121 185 
121 105 
121 328 
122 262 
122 95 
123 240 
123 158 
123 385 
123 345 
123 258 
123 37 
124 40 
124 304 
124 227 
124 45 
124 18 
124 51 
124 354 
125 13 
125 309 
125 19 
125 228 
125 261 
125 165 
125 317 
125 302 
125 113 
125 215 
125 207 
126 209 
126 346 
126 265 
126 58 
126 105 
127 200 
127 332 
127 191 
127 268 
127 2 
128 368 
128 219 
128 159 
128 274 
128 360 
128 41 
129 254 
129 358 
129 42 
129 50 
129 152 
129 151 
129 196 
130 317 
130 85 
130 230 
130 265 
130 354 
130 158 
130 164 
131 158 
131 363 
131 26 
131 12 
131 296 
131 44 
131 274 
132 330 
132 233 
132 369 
132 269 
132 99 
132 348 
133 227 
133 314 
134 226 
134 180 
134 364 
134 169 
135 300 
135 371 
135 346 
135 329 
135 268 
135 345 
135 316 
136 15 
136 313 
136 320 
136 91 
137 138 
137 35 
137 359 
137 80 
137 187 
137 108 
138 137 
138 393 
138 31 
138 158 
139 212 
139 324 
139 231 
139 193 
139 19 
139 358 
139 323 
139 52 
139 151 
139 355 
140 7 
140 290 
140 11 
140 361 
140 184 
141 373 
141 32 
141 362 
141 9 
141 38 
141 148 
142 144 
142 159 
142 84 
142 100 
142 309 
143 8 
143 9 
143 176 
144 65 
144 379 
144 15 
144 151 
144 142 
144 232 
144 332 
145 86 
145 189 
145 389 
145 12 
146 271 
146 326 
146 292 
146 31 
146 195 
147 222 
147 55 
147 225 
148 262 
148 205 
148 172 
148 386 
148 69 
148 283 
148 141 
149 163 
149 24 
149 392 
149 92 
150 46 
150 23 
150 392 
151 144 
151 52 
151 129 
151 139 
151 325 
152 387 
152 129 
152 69 
152 24 
152 172 
152 109 
153 75 
153 15 
153 387 
153 229 
153 182 
154 304 
154 156 
154 81 
154 170 
154 355 
154 312 
154 18 
155 342 
155 400 
155 209 
155 356 
155 196 
156 154 
156 77 
156 102 
157 82 
157 290 
157 63 
157 357 
157 384 
157 299 
157 80 
157 378 
157 93 
158 252 
158 123 
158 35 
158 131 
158 261 
158 308 
158 130 
158 138 
158 111 
158 4 
159 7 
159 128 
159 344 
159 142 
159 254 
159 399 
159 390 
160 338 
160 392 
160 79 
160 398 
160 344 
160 340 
160 190 
160 84 
161 317 
161 231 
161 269 
161 380 
161 335 
161 179 
161 330 
161 324 
162 312 
162 163 
162 79 
163 149 
163 348 
163 397 
163 162 
163 190 
164 91 
164 331 
164 381 
164 338 
164 315 
164 218 
164 231 
164 130 
165 125 
165 219 
165 393 
165 166 
165 304 
165 212 
165 253 
166 21 
166 309 
166 87 
166 165 
166 67 
166 313 
166 175 
167 289 
167 15 
167 205 
167 83 
167 239 
168 338 
168 286 
168 355 
168 54 
168 185 
169 276 
169 306 
169 174 
169 261 
169 287 
169 285 
169 391 
169 134 
169 321 
170 52 
170 214 
170 79 
170 154 
170 111 
170 279 
170 277 
171 267 
171 241 
171 368 
171 394 
172 121 
172 322 
172 328 
172 42 
172 18 
172 363 
172 148 
172 73 
172 152 
172 278 
173 116 
173 47 
173 76 
173 290 
173 302 
173 33 
174 235 
174 272 
174 113 
174 169 
174 182 
174 116 
174 327 
175 232 
175 68 
175 16 
175 249 
175 260 
175 166 
175 388 
176 379 
176 227 
176 270 
176 380 
176 218 
176 143 
177 184 
177 399 
177 189 
177 305 
178 232 
178 243 
178 181 
178 323 
178 8 
178 4 
179 217 
179 344 
179 222 
179 232 
179 161 
180 262 
180 392 
180 365 
180 134 
180 330 
180 213 
180 201 
180 99 
181 350 
181 232 
181 178 
181 215 
181 52 
181 20 
182 75 
182 273 
182 23 
182 319 
182 174 
182 380 
182 366 
182 51 
182 233 
182 153 
183 20 
183 187 
183 31 
183 244 
183 337 
183 376 
183 386 
184 364 
184 177 
184 307 
184 110 
184 389 
184 30 
184 369 
184 199 
184 51 
184 140 
185 121 
185 305 
185 89 
185 250 
185 168 
186 262 
186 261 
186 295 
186 17 
186 227 
186 59 
186 249 
186 233 
186 278 
186 289 
187 16 
187 282 
187 183 
187 211 
187 137 
188 329 
188 1 
189 232 
189 199 
189 191 
189 6 
189 145 
189 376 
189 177 
190 21 
190 377 
190 383 
190 61 
190 163 
190 245 
190 160 
191 287 
191 189 
191 127 
191 362 
191 263 
192 332 
192 380 
192 12 
192 100 
192 321 
192 64 
193 210 
193 306 
193 139 
193 214 
193 9 
194 284 
194 112 
194 346 
194 97 
194 215 
194 360 
194 92 
194 59 
195 380 
195 17 
195 107 
195 329 
195 146 
195 4 
196 375 
196 155 
196 129 
196 48 
196 222 
197 363 
197 367 
197 22 
197 302 
197 208 
197 9 
198 10 
199 327 
199 189 
199 229 
199 108 
199 363 
199 27 
199 184 
200 127 
200 343 
200 289 
200 247 
201 46 
201 240 
201 103 
201 365 
201 45 
201 259 
201 180 
202 395 
202 61 
202 346 
202 230 
203 44 
203 290 
203 220 
203 345 
203 368 
203 279 
204 37 
204 69 
204 239 
204 240 
204 269 
204 238 
204 223 
205 148 
205 12 
205 167 
205 247 
205 2 
205 267 
206 302 
206 386 
206 267 
206 88 
206 9 
206 63 
207 48 
207 301 
207 89 
207 382 
207 260 
207 125 
207 340 
208 234 
208 117 
208 245 
208 266 
208 7 
208 197 
208 391 
208 44 
209 265 
209 155 
209 31 
209 126 
209 394 
210 224 
210 193 
210 370 
210 61 
210 378 
210 298 
211 397 
211 252 
211 230 
211 382 
211 42 
211 366 
211 187 
211 286 
212 139 
212 238 
212 102 
212 319 
212 88 
212 165 
212 284 
213 400 
213 118 
213 180 
213 119 
213 259 
213 352 
213 79 
214 303 
214 170 
214 230 
214 193 
214 294 
215 365 
215 348 
215 330 
215 181 
215 231 
215 244 
215 283 
215 194 
215 125 
216 256 
216 288 
216 337 
216 344 
216 61 
217 234 
217 179 
217 261 
217 73 
217 374 
217 117 
218 253 
218 327 
218 80 
218 4 
218 279 
218 176 
218 164 
218 385 
219 375 
219 128 
219 165 
219 49 
219 372 
220 45 
220 8 
220 105 
220 203 
220 322 
221 31 
221 285 
222 147 
222 364 
222 179 
222 228 
222 316 
222 196 
222 103 
223 329 
223 204 
223 57 
224 210 
224 387 
224 301 
224 338 
225 49 
225 312 
225 147 
226 54 
226 134 
226 286 
226 33 
226 81 
226 328 
227 2 
227 176 
227 133 
227 35 
227 124 
227 350 
227 186 
227 228 
227 242 
227 351 
227 32 
228 257 
228 258 
228 341 
228 396 
228 125 
228 222 
228 227 
228 305 
228 291 
228 53 
229 102 
229 255 
229 199 
229 310 
229 153 
230 211 
230 214 
230 130 
230 40 
230 57 
230 202 
230 270 
230 304 
231 261 
231 139 
231 161 
231 44 
231 114 
231 215 
231 164 
232 299 
232 178 
232 175 
232 189 
232 257 
232 181 
232 383 
232 398 
232 39 
232 144 
232 116 
232 280 
232 179 
232 303 
232 322 
233 132 
233 398 
233 332 
233 38 
233 182 
233 186 
234 208 
234 217 
234 3 
234 243 
234 119 
234 328 
234 6 
234 380 
235 174 
235 62 
235 275 
235 284 
235 388 
236 256 
236 77 
236 373 
236 29 
236 315 
237 284 
237 261 
237 75 
237 238 
237 291 
238 112 
238 400 
238 212 
238 36 
238 39 
238 204 
238 27 
238 237 
238 321 
239 299 
239 204 
239 16 
239 101 
239 167 
239 395 
240 123 
240 201 
240 301 
240 204 
240 358 
240 292 
241 276 
241 84 
241 171 
241 344 
241 27 
242 360 
242 319 
242 71 
242 348 
242 227 
242 297 
243 94 
243 20 
243 178 
243 30 
243 234 
243 254 
243 323 
243 259 
244 92 
244 294 
244 183 
244 215 
245 336 
245 358 
245 262 
245 280 
245 208 
245 74 
245 46 
245 190 
245 300 
245 21 
245 356 
246 354 
246 280 
246 358 
246 279 
246 346 
246 97 
247 81 
247 205 
247 86 
247 390 
247 200 
247 46 
247 36 
248 119 
248 377 
248 358 
248 367 
248 105 
249 330 
249 254 
249 357 
249 175 
249 186 
249 42 
250 360 
250 382 
250 2 
250 185 
250 280 
250 74 
250 273 
251 271 
251 345 
251 10 
251 395 
252 279 
252 158 
252 211 
252 63 
252 18 
252 109 
252 69 
253 218 
253 275 
253 165 
254 129 
254 294 
254 243 
254 159 
254 86 
254 249 
254 376 
254 264 
255 263 
255 67 
255 346 
255 75 
255 229 
255 339 
255 27 
255 344 
255 120 
255 84 
255 399 
256 216 
256 236 
256 331 
256 371 
257 228 
257 232 
257 280 
258 228 
258 89 
258 21 
258 61 
258 123 
259 24 
259 201 
259 19 
259 50 
259 213 
259 243 
260 52 
260 207 
260 175 
260 25 
261 231 
261 237 
261 186 
261 158 
261 125 
261 217 
261 169 
261 92 
262 148 
262 186 
262 180 
262 245 
262 122 
262 334 
262 342 
262 55 
263 255 
263 310 
263 44 
263 105 
263 279 
263 340 
263 42 
263 191 
263 10 
264 254 
264 1 
265 98 
265 55 
265 209 
265 130 
265 284 
265 126 
266 97 
266 208 
267 118 
267 274 
267 171 
267 7 
267 301 
267 206 
267 23 
267 205 
267 60 
268 93 
268 340 
268 396 
268 367 
268 66 
268 81 
268 135 
268 127 
268 45 
268 283 
268 339 
269 9 
269 34 
269 132 
269 161 
269 362 
269 204 
269 23 
270 176 
270 230 
270 21 
270 9 
270 350 
270 13 
270 365 
271 146 
271 304 
271 251 
271 12 
272 174 
272 100 
272 295 
273 182 
273 2 
273 250 
274 267 
274 29 
274 128 
274 8 
274 91 
274 131 
275 11 
275 278 
275 351 
275 235 
275 253 
275 378 
275 81 
275 305 
276 68 
276 241 
276 74 
276 169 
276 292 
276 11 
276 368 
277 349 
277 83 
277 170 
278 275 
278 286 
278 328 
278 172 
278 186 
279 252 
279 170 
279 263 
279 218 
279 246 
279 203 
280 31 
280 245 
280 257 
280 246 
280 232 
280 317 
280 250 
281 311 
281 324 
281 29 
282 187 
282 118 
283 325 
283 113 
283 34 
283 41 
283 57 
283 215 
283 268 
283 95 
283 148 
284 387 
284 237 
284 355 
284 194 
284 235 
284 351 
284 390 
284 92 
284 265 
284 212 
285 105 
285 221 
285 25 
285 169 
285 375 
285 38 
286 362 
286 32 
286 226 
286 168 
286 278 
286 211 
286 104 
287 191 
287 38 
287 26 
287 358 
287 169 
288 343 
288 48 
288 216 
288 8 
289 74 
289 167 
289 200 
289 186 
290 291 
290 157 
290 203 
290 140 
290 371 
290 173 
290 370 
290 35 
291 290 
291 67 
291 237 
291 228 
291 390 
292 58 
292 296 
292 380 
292 146 
292 240 
292 276 
292 9 
293 74 
293 369 
294 244 
294 254 
294 40 
294 340 
294 214 
295 67 
295 325 
295 186 
295 87 
295 272 
296 37 
296 292 
296 326 
296 322 
296 388 
296 131 
297 33 
297 242 
297 309 
298 306 
298 33 
298 333 
298 342 
298 210 
298 110 
298 58 
299 232 
299 239 
299 377 
299 68 
299 47 
299 157 
299 370 
300 135 
300 370 
300 61 
300 245 
301 94 
301 207 
301 366 
301 240 
301 267 
301 23 
301 224 
302 206 
302 125 
302 380 
302 385 
302 173 
302 197 
303 214 
303 374 
303 99 
303 345 
303 26 
303 232 
304 154 
304 271 
304 124 
304 83 
304 165 
304 230 
305 185 
305 40 
305 115 
305 275 
305 228 
305 177 
306 298 
306 193 
306 315 
306 391 
306 169 
306 116 
306 311 
307 112 
307 184 
307 14 
307 53 
307 391 
308 158 
308 1 
308 390 
308 63 
308 329 
309 125 
309 3 
309 101 
309 166 
309 93 
309 297 
309 142 
310 263 
310 42 
310 381 
310 229 
310 77 
310 30 
311 27 
311 116 
311 281 
311 363 
311 62 
311 306 
312 370 
312 50 
312 162 
312 382 
312 154 
312 225 
313 53 
313 337 
313 136 
313 358 
313 166 
314 133 
315 306 
315 164 
315 236 
315 389 
315 15 
315 23 
316 38 
316 222 
316 357 
316 135 
317 161 
317 130 
317 125 
317 280 
318 75 
318 68 
318 379 
318 110 
318 16 
318 378 
319 94 
319 182 
319 212 
319 242 
319 352 
319 369 
320 136 
320 27 
321 39 
321 69 
321 192 
321 238 
321 169 
322 172 
322 332 
322 113 
322 296 
322 335 
322 220 
322 232 
323 389 
323 377 
323 139 
323 178 
323 243 
324 139 
324 281 
324 161 
325 283 
325 114 
325 295 
325 342 
325 151 
325 29 
325 36 
326 400 
326 146 
326 59 
326 296 
326 26 
327 98 
327 218 
327 199 
327 174 
327 42 
328 172 
328 38 
328 49 
328 31 
328 226 
328 121 
328 234 
328 278 
329 59 
329 135 
329 308 
329 33 
329 188 
329 223 
329 195 
330 132 
330 215 
330 12 
330 180 
330 249 
330 111 
330 161 
331 164 
331 256 
331 394 
331 92 
332 379 
332 11 
332 192 
332 322 
332 72 
332 349 
332 127 
332 233 
332 144 
333 351 
333 364 
333 298 
333 53 
333 39 
333 373 
334 358 
334 75 
334 359 
334 262 
335 45 
335 385 
335 322 
335 161 
335 73 
335 376 
336 245 
336 83 
336 343 
336 385 
336 11 
337 313 
337 216 
337 183 
338 168 
338 160 
338 164 
338 7 
338 224 
339 398 
339 255 
339 15 
339 341 
339 268 
340 268 
340 344 
340 87 
340 263 
340 294 
340 160 
340 394 
340 94 
340 207 
341 228 
341 101 
341 339 
342 155 
342 325 
342 298 
342 262 
343 288 
343 200 
343 336 
343 38 
343 117 
344 216 
344 340 
344 159 
344 66 
344 179 
344 241 
344 384 
344 160 
344 255 
344 93 
345 12 
345 81 
345 251 
345 123 
345 203 
345 346 
345 303 
345 135 
346 255 
346 135 
346 202 
346 194 
346 345 
346 246 
346 126 
347 73 
347 25 
347 357 
347 65 
348 163 
348 365 
348 215 
348 381 
348 242 
348 132 
348 114 
348 367 
349 380 
349 277 
349 332 
349 79 
349 376 
349 39 
350 357 
350 181 
350 52 
350 382 
350 227 
350 75 
350 58 
350 394 
350 270 
351 101 
351 363 
351 333 
351 77 
351 120 
351 113 
351 275 
351 59 
351 284 
351 227 
352 353 
352 319 
352 213 
352 75 
353 101 
353 352 
353 80 
354 96 
354 91 
354 246 
354 63 
354 130 
354 124 
355 2 
355 284 
355 168 
355 154 
355 38 
355 139 
356 26 
356 155 
356 245 
357 350 
357 101 
357 157 
357 347 
357 316 
357 249 
357 359 
358 334 
358 245 
358 129 
358 248 
358 313 
358 287 
358 139 
358 240 
358 246 
358 119 
358 12 
359 137 
359 334 
359 357 
360 362 
360 384 
360 242 
360 375 
360 48 
360 250 
360 376 
360 128 
360 194 
360 102 
361 140 
362 286 
362 360 
362 53 
362 141 
362 380 
362 269 
362 79 
362 191 
362 44 
362 13 
363 388 
363 197 
363 351 
363 96 
363 311 
363 131 
363 172 
363 199 
363 33 
364 184 
364 29 
364 4 
364 222 
364 333 
364 30 
364 88 
364 80 
364 134 
365 372 
365 48 
365 215 
365 348 
365 201 
365 180 
365 51 
365 391 
365 120 
365 270 
366 301 
366 211 
366 182 
367 268 
367 248 
367 197 
367 387 
367 348 
367 13 
368 128 
368 115 
368 78 
368 171 
368 82 
368 203 
368 276 
368 89 
369 132 
369 319 
369 67 
369 184 
369 293 
370 312 
370 300 
370 18 
370 210 
370 377 
370 34 
370 84 
370 299 
370 290 
371 72 
371 390 
371 135 
371 256 
371 290 
371 4 
372 118 
372 365 
372 375 
372 219 
372 75 
372 52 
373 141 
373 77 
373 236 
373 74 
373 333 
374 97 
374 303 
374 217 
375 219 
375 360 
375 196 
375 372 
375 7 
375 285 
375 68 
376 84 
376 349 
376 254 
376 360 
376 189 
376 183 
376 28 
376 335 
377 299 
377 323 
377 248 
377 190 
377 370 
377 56 
378 3 
378 275 
378 210 
378 157 
378 318 
379 332 
379 176 
379 19 
379 91 
379 144 
379 318 
379 104 
380 36 
380 195 
380 349 
380 192 
380 176 
380 161 
380 362 
380 182 
380 292 
380 302 
380 69 
380 234 
381 97 
381 164 
381 310 
381 348 
382 72 
382 350 
382 211 
382 312 
382 207 
382 250 
383 232 
383 190 
383 100 
384 360 
384 157 
384 24 
384 16 
384 344 
385 123 
385 396 
385 335 
385 336 
385 71 
385 33 
385 302 
385 218 
386 94 
386 206 
386 76 
386 52 
386 148 
386 183 
387 152 
387 284 
387 224 
387 21 
387 153 
387 367 
388 363 
388 93 
388 2 
388 396 
388 102 
388 296 
388 60 
388 235 
388 66 
388 175 
389 323 
389 17 
389 184 
389 145 
389 115 
389 59 
389 315 
390 106 
390 33 
390 371 
390 397 
390 247 
390 308 
390 85 
390 159 
390 284 
390 291 
391 60 
391 306 
391 169 
391 365 
391 307 
391 208 
392 180 
392 160 
392 53 
392 149 
392 58 
392 150 
392 56 
393 82 
393 138 
393 10 
393 165 
393 2 
394 72 
394 47 
394 340 
394 350 
394 209 
394 331 
394 171 
395 202 
395 251 
395 239 
396 228 
396 268 
396 385 
396 388 
397 211 
397 390 
397 163 
397 398 
397 89 
397 12 
398 35 
398 339 
398 160 
398 233 
398 232 
398 397 
398 60 
399 177 
399 32 
399 159 
399 20 
399 255 
400 326 
400 238 
400 155 
400 213 
400 31 
400 54 
0 0 0