50 200
1 36 
1 34 
1 49 
1 25 
1 41 
1 11 
1 21 
1 48 
2 3 
2 21 
2 6 
2 23 
2 11 
2 42 
3 2 
3 13 
3 26 
3 35 
3 41 
3 12 
3 47 
3 30 
4 20 
4 17 
4 33 
4 44 
4 25 
4 27 
5 17 
5 38 
5 42 
5 32 
5 24 
5 19 
5 48 
5 45 
6 28 
6 42 
6 25 
6 2 
6 35 
6 21 
6 8 
6 29 
7 12 
7 20 
7 8 
8 33 
8 45 
8 28 
8 18 
8 49 
8 22 
8 25 
8 20 
8 7 
8 17 
8 6 
9 32 
9 34 
9 10 
9 36 
9 16 
9 49 
10 48 
10 46 
10 19 
10 31 
10 30 
10 9 
10 49 
10 13 
10 36 
11 32 
11 34 
11 24 
11 1 
11 13 
11 33 
11 44 
11 2 
12 14 
12 7 
12 43 
12 27 
12 45 
12 3 
12 37 
13 39 
13 41 
13 3 
13 25 
13 32 
13 47 
13 10 
13 29 
13 11 
13 38 
14 12 
14 34 
14 28 
14 27 
14 39 
14 22 
14 33 
15 47 
15 33 
15 38 
15 35 
15 29 
15 22 
15 37 
15 49 
16 38 
16 24 
16 26 
16 21 
16 40 
16 19 
16 17 
16 9 
16 41 
16 39 
16 43 
16 50 
17 5 
17 46 
17 4 
17 49 
17 30 
17 16 
17 41 
17 8 
18 8 
18 41 
18 19 
18 24 
18 50 
18 44 
18 46 
19 10 
19 47 
19 28 
19 45 
19 46 
19 16 
19 5 
19 39 
19 18 
19 26 
19 20 
20 41 
20 27 
20 45 
20 4 
20 37 
20 24 
20 7 
20 40 
20 8 
20 19 
21 2 
21 22 
21 16 
21 24 
21 6 
21 1 
21 31 
22 21 
22 42 
22 8 
22 25 
22 14 
22 15 
23 44 
23 47 
23 31 
23 2 
23 26 
23 27 
24 16 
24 20 
24 21 
24 36 
24 5 
24 11 
24 18 
24 42 
25 44 
25 45 
25 27 
25 50 
25 33 
25 6 
25 13 
25 4 
25 41 
25 8 
25 22 
25 1 
25 37 
25 47 
26 35 
26 16 
26 3 
26 50 
26 49 
26 29 
26 19 
26 23 
26 37 
27 20 
27 25 
27 35 
27 12 
27 14 
27 32 
27 23 
27 4 
28 44 
28 8 
28 6 
28 19 
28 14 
28 37 
28 31 
28 41 
29 45 
29 49 
29 15 
29 26 
29 13 
29 34 
29 50 
29 6 
30 45 
30 17 
30 10 
30 33 
30 3 
31 10 
31 23 
31 50 
31 28 
31 21 
32 9 
32 11 
32 5 
32 13 
32 46 
32 27 
32 44 
32 50 
33 8 
33 15 
33 4 
33 25 
33 38 
33 30 
33 14 
33 11 
34 11 
34 47 
34 14 
34 42 
34 9 
34 37 
34 1 
34 40 
34 29 
34 41 
35 50 
35 26 
35 15 
35 41 
35 27 
35 3 
35 45 
35 6 
35 48 
36 43 
36 1 
36 24 
36 9 
36 49 
36 10 
37 20 
37 50 
37 39 
37 34 
37 28 
37 15 
37 25 
37 26 
37 12 
38 16 
38 15 
38 5 
38 33 
38 44 
38 43 
38 13 
39 13 
39 37 
39 14 
39 19 
39 16 
40 50 
40 16 
40 20 
40 34 
40 43 
41 20 
41 13 
41 35 
41 42 
41 17 
41 18 
41 25 
41 16 
41 1 
41 3 
41 28 
41 34 
42 5 
42 48 
42 6 
42 34 
42 22 
42 41 
42 24 
42 2 
43 36 
43 12 
43 49 
43 16 
43 40 
43 38 
44 25 
44 28 
44 4 
44 23 
44 38 
44 45 
44 32 
44 11 
44 18 
45 30 
45 25 
45 20 
45 29 
45 8 
45 19 
45 35 
45 5 
45 12 
45 44 
46 17 
46 10 
46 19 
46 32 
46 18 
46 47 
47 15 
47 19 
47 34 
47 13 
47 48 
47 23 
47 25 
47 3 
47 46 
48 10 
48 42 
48 47 
48 35 
48 5 
48 49 
48 1 
49 43 
49 17 
49 8 
49 29 
49 26 
49 10 
49 9 
49 1 
49 36 
49 48 
49 15 
50 25 
50 35 
50 40 
50 37 
50 26 
50 31 
50 16 
50 18 
50 32 
50 29 
0 0 0