500 1800
1 292 
1 242 
1 380 
1 130 
1 251 
1 303 
1 291 
1 485 
2 362 
2 186 
2 317 
2 149 
2 170 
2 211 
2 193 
3 100 
3 56 
3 46 
4 309 
4 350 
4 234 
4 87 
5 277 
5 493 
5 462 
5 449 
5 40 
5 36 
5 456 
6 400 
6 475 
6 478 
6 83 
6 324 
6 114 
7 113 
7 98 
7 111 
7 368 
7 324 
7 92 
7 401 
8 364 
8 255 
8 61 
8 437 
8 238 
8 301 
8 415 
8 188 
8 64 
9 46 
9 216 
9 151 
9 209 
9 366 
9 284 
9 139 
9 346 
10 281 
10 417 
10 218 
10 298 
10 221 
10 105 
10 429 
10 496 
11 233 
11 81 
11 409 
11 60 
11 443 
11 344 
11 329 
11 33 
11 31 
12 170 
12 138 
12 241 
12 83 
12 400 
12 383 
13 312 
13 377 
13 481 
13 120 
13 408 
13 90 
13 151 
13 83 
14 209 
14 223 
14 163 
14 125 
14 143 
14 102 
14 360 
15 123 
15 131 
15 219 
15 484 
15 89 
16 333 
16 192 
16 432 
16 83 
16 175 
16 86 
17 465 
17 306 
17 315 
17 54 
17 327 
17 207 
17 99 
18 289 
18 250 
18 459 
18 403 
18 152 
18 350 
18 115 
18 387 
18 151 
18 166 
19 348 
19 117 
19 469 
19 446 
19 222 
20 386 
20 387 
20 229 
20 489 
20 239 
20 161 
21 315 
21 370 
21 111 
21 445 
21 210 
21 401 
21 341 
21 215 
22 360 
22 241 
22 479 
22 285 
22 109 
22 415 
22 101 
22 488 
23 413 
23 334 
23 423 
23 166 
23 177 
23 82 
23 325 
23 417 
23 367 
24 181 
24 105 
24 373 
24 487 
24 401 
25 46 
25 109 
25 364 
25 482 
25 360 
25 256 
25 425 
25 126 
26 228 
26 181 
26 266 
26 465 
26 272 
26 145 
26 132 
26 328 
26 117 
26 196 
27 109 
27 264 
27 325 
27 94 
27 145 
28 455 
28 34 
28 197 
28 492 
28 448 
28 298 
28 41 
28 387 
29 232 
29 289 
29 462 
29 384 
29 155 
29 373 
29 473 
30 325 
30 465 
30 156 
31 212 
31 252 
31 375 
31 349 
31 222 
31 11 
31 78 
32 397 
32 438 
32 295 
32 184 
32 109 
33 492 
33 432 
33 191 
33 411 
33 395 
33 168 
33 11 
33 51 
33 220 
34 235 
34 477 
34 481 
34 28 
34 298 
34 442 
34 64 
34 294 
34 276 
34 226 
35 231 
35 277 
35 401 
35 51 
35 49 
35 228 
35 64 
35 438 
36 61 
36 129 
36 170 
36 382 
36 153 
36 272 
36 5 
36 215 
37 297 
37 301 
37 398 
37 75 
37 101 
37 124 
37 390 
37 472 
37 386 
37 311 
37 270 
38 494 
38 343 
38 179 
38 65 
38 401 
39 343 
39 296 
39 142 
39 183 
39 454 
39 211 
39 304 
39 111 
40 465 
40 93 
40 62 
40 412 
40 374 
40 5 
40 477 
40 287 
40 480 
40 267 
40 397 
41 453 
41 407 
41 142 
41 416 
41 28 
41 371 
41 51 
41 270 
42 445 
42 316 
42 308 
42 245 
42 286 
42 97 
43 329 
43 379 
43 197 
43 483 
44 70 
44 206 
44 478 
44 188 
44 380 
45 61 
45 297 
45 337 
45 365 
45 417 
46 25 
46 9 
46 94 
46 273 
46 390 
46 3 
47 102 
47 61 
47 111 
47 343 
47 158 
47 428 
47 336 
48 213 
48 367 
48 476 
49 369 
49 35 
50 96 
50 412 
50 122 
50 107 
50 248 
50 275 
50 468 
50 72 
51 77 
51 340 
51 139 
51 468 
51 35 
51 438 
51 41 
51 33 
51 448 
52 288 
52 303 
52 368 
52 148 
52 200 
52 240 
52 422 
53 247 
53 76 
53 471 
53 432 
53 441 
53 296 
53 233 
53 130 
54 63 
54 399 
54 17 
54 356 
54 429 
54 269 
54 382 
54 492 
54 395 
54 181 
55 250 
55 402 
56 282 
56 121 
56 149 
56 3 
56 284 
56 151 
56 269 
56 183 
57 367 
57 465 
57 206 
57 203 
57 200 
57 168 
57 454 
57 469 
58 226 
58 391 
58 410 
59 371 
59 411 
59 313 
59 428 
59 198 
60 168 
60 220 
60 304 
60 11 
60 260 
60 258 
60 259 
60 227 
61 45 
61 406 
61 230 
61 36 
61 89 
61 8 
61 47 
61 192 
62 148 
62 305 
62 40 
62 266 
62 63 
62 121 
62 490 
62 346 
62 187 
62 216 
62 279 
62 386 
63 54 
63 167 
63 432 
63 460 
63 324 
63 80 
63 384 
63 62 
63 154 
63 147 
63 95 
64 34 
64 445 
64 206 
64 65 
64 35 
64 8 
64 194 
65 147 
65 400 
65 361 
65 229 
65 38 
65 64 
66 327 
66 127 
66 446 
66 128 
67 185 
67 219 
67 412 
68 86 
68 498 
68 399 
68 134 
68 324 
68 156 
69 145 
69 163 
69 412 
69 212 
69 118 
69 186 
69 98 
70 44 
70 330 
70 236 
70 452 
70 100 
70 153 
70 77 
71 306 
71 161 
71 126 
71 135 
71 411 
71 181 
71 479 
71 361 
72 460 
72 274 
72 452 
72 427 
72 166 
72 150 
72 165 
72 319 
72 317 
72 50 
72 445 
73 111 
73 489 
73 126 
73 233 
73 418 
73 288 
73 382 
73 287 
74 141 
74 486 
74 274 
74 91 
74 262 
74 415 
74 447 
74 358 
74 438 
74 75 
74 159 
74 99 
74 451 
75 74 
75 37 
75 328 
75 460 
75 127 
75 275 
75 289 
75 309 
76 103 
76 465 
76 53 
76 221 
76 400 
76 166 
76 294 
77 51 
77 475 
77 280 
77 70 
78 197 
78 272 
78 481 
78 188 
78 298 
78 105 
78 31 
79 291 
79 332 
79 166 
79 101 
79 343 
79 172 
79 167 
79 437 
80 220 
80 109 
80 497 
80 356 
80 451 
80 63 
80 142 
80 156 
80 350 
81 125 
81 11 
81 328 
81 440 
81 324 
81 402 
81 311 
81 380 
81 348 
81 134 
81 447 
82 94 
82 253 
82 363 
82 337 
82 23 
83 12 
83 322 
83 119 
83 16 
83 256 
83 192 
83 6 
83 116 
83 207 
83 13 
83 350 
84 266 
84 103 
84 122 
85 217 
85 386 
85 442 
85 335 
85 118 
85 165 
86 293 
86 68 
86 195 
86 129 
86 425 
86 280 
86 16 
86 231 
87 344 
87 454 
87 4 
88 446 
88 263 
89 61 
89 245 
89 174 
89 142 
89 167 
89 181 
89 134 
89 15 
90 393 
90 496 
90 203 
90 215 
90 285 
90 258 
90 297 
90 13 
91 74 
91 198 
91 145 
91 245 
91 387 
92 209 
92 413 
92 270 
92 487 
92 7 
92 256 
93 40 
93 356 
94 312 
94 82 
94 216 
94 46 
94 215 
94 189 
94 340 
94 142 
94 27 
95 100 
95 272 
95 364 
95 309 
95 278 
95 63 
96 433 
96 50 
96 195 
96 171 
97 203 
97 448 
97 104 
97 171 
97 137 
97 449 
97 414 
97 309 
97 42 
97 386 
97 443 
98 7 
98 275 
98 107 
98 379 
98 343 
98 288 
98 69 
99 74 
99 226 
99 465 
99 414 
99 17 
99 323 
100 198 
100 138 
100 3 
100 95 
100 134 
100 112 
100 129 
100 287 
100 289 
100 70 
100 438 
101 340 
101 164 
101 103 
101 37 
101 79 
101 22 
102 433 
102 206 
102 47 
102 267 
102 266 
102 233 
102 144 
102 194 
102 208 
102 14 
103 76 
103 334 
103 259 
103 101 
103 479 
103 84 
103 192 
103 413 
104 262 
104 263 
104 97 
104 406 
104 365 
104 306 
104 161 
105 233 
105 486 
105 24 
105 464 
105 148 
105 307 
105 10 
105 78 
105 373 
106 270 
106 235 
106 263 
106 472 
106 335 
107 410 
107 98 
107 377 
107 50 
107 330 
107 497 
107 276 
107 220 
107 190 
108 214 
108 272 
108 221 
108 293 
108 142 
108 140 
108 250 
108 281 
108 238 
109 80 
109 27 
109 25 
109 300 
109 255 
109 429 
109 22 
109 391 
109 207 
109 32 
109 191 
110 357 
110 322 
110 245 
110 127 
110 454 
110 354 
110 495 
111 73 
111 211 
111 375 
111 21 
111 127 
111 47 
111 7 
111 282 
111 144 
111 125 
111 39 
112 100 
112 302 
113 7 
113 455 
113 298 
113 254 
113 118 
113 253 
114 327 
114 457 
114 330 
114 236 
114 6 
115 392 
115 459 
115 187 
115 321 
115 18 
115 412 
115 384 
116 450 
116 406 
116 475 
116 83 
116 338 
117 244 
117 231 
117 179 
117 390 
117 476 
117 389 
117 218 
117 19 
117 141 
117 26 
118 480 
118 113 
118 219 
118 69 
118 214 
118 85 
118 158 
118 128 
119 336 
119 244 
119 420 
119 83 
119 396 
119 231 
119 238 
120 457 
120 494 
120 13 
120 343 
120 209 
120 455 
121 382 
121 358 
121 56 
121 439 
121 405 
121 407 
121 62 
121 359 
121 179 
122 50 
122 475 
122 421 
122 84 
123 15 
123 175 
123 338 
123 479 
123 237 
124 350 
124 337 
124 432 
124 37 
124 385 
124 413 
124 358 
125 81 
125 467 
125 391 
125 14 
125 111 
125 193 
125 270 
126 71 
126 73 
126 200 
126 328 
126 25 
126 373 
127 111 
127 364 
127 414 
127 110 
127 66 
127 304 
127 198 
127 75 
127 171 
127 320 
128 279 
128 167 
128 488 
128 308 
128 370 
128 66 
128 380 
128 118 
129 267 
129 250 
129 36 
129 100 
129 276 
129 86 
129 366 
129 220 
129 284 
129 352 
130 408 
130 1 
130 295 
130 312 
130 307 
130 53 
131 468 
131 143 
131 176 
131 347 
131 15 
131 492 
131 500 
131 414 
131 202 
131 470 
132 144 
132 295 
132 276 
132 313 
132 26 
133 431 
133 375 
133 214 
133 379 
133 269 
133 455 
134 100 
134 442 
134 143 
134 68 
134 150 
134 219 
134 89 
134 81 
134 153 
135 71 
135 329 
135 281 
135 365 
135 210 
135 203 
136 285 
136 489 
136 192 
136 343 
136 183 
137 372 
137 423 
137 158 
137 343 
137 97 
138 100 
138 12 
138 308 
138 197 
138 449 
139 333 
139 51 
139 342 
139 211 
139 483 
139 484 
139 9 
139 340 
139 146 
140 177 
140 190 
140 108 
141 74 
141 197 
141 354 
141 417 
141 323 
141 165 
141 394 
141 117 
141 344 
141 369 
142 430 
142 41 
142 80 
142 89 
142 108 
142 39 
142 400 
142 94 
143 131 
143 427 
143 134 
143 14 
143 457 
143 175 
143 483 
143 244 
143 422 
144 132 
144 357 
144 261 
144 102 
144 111 
144 314 
144 302 
145 291 
145 69 
145 91 
145 220 
145 447 
145 147 
145 26 
145 288 
145 27 
146 253 
146 437 
146 322 
146 139 
147 359 
147 242 
147 65 
147 366 
147 63 
147 382 
147 145 
147 257 
148 62 
148 52 
148 415 
148 105 
148 320 
148 365 
148 411 
148 217 
149 56 
149 194 
149 2 
149 489 
149 247 
150 214 
150 458 
150 72 
150 485 
150 314 
150 134 
150 390 
150 195 
150 220 
151 9 
151 325 
151 336 
151 236 
151 56 
151 13 
151 18 
151 162 
151 284 
152 325 
152 307 
152 18 
152 331 
152 261 
153 346 
153 485 
153 36 
153 399 
153 197 
153 70 
153 331 
153 134 
153 298 
154 175 
154 212 
154 165 
154 270 
154 63 
154 465 
154 207 
154 252 
155 411 
155 267 
155 469 
155 336 
155 497 
155 353 
155 29 
156 176 
156 350 
156 80 
156 313 
156 265 
156 68 
156 30 
157 235 
157 187 
157 198 
157 385 
157 373 
157 392 
157 248 
157 407 
158 137 
158 381 
158 459 
158 47 
158 118 
158 261 
158 332 
159 327 
159 315 
159 74 
159 414 
159 191 
159 367 
159 242 
160 491 
160 193 
160 213 
160 387 
160 304 
160 246 
160 432 
161 472 
161 71 
161 453 
161 192 
161 441 
161 294 
161 286 
161 20 
161 104 
162 426 
162 255 
162 369 
162 403 
162 151 
162 349 
163 349 
163 345 
163 472 
163 69 
163 299 
163 240 
163 14 
163 178 
163 171 
164 169 
164 195 
164 101 
164 304 
164 197 
164 284 
165 154 
165 339 
165 334 
165 141 
165 357 
165 72 
165 407 
165 369 
165 226 
165 85 
165 337 
166 402 
166 72 
166 23 
166 79 
166 76 
166 175 
166 292 
166 18 
166 344 
167 293 
167 63 
167 128 
167 265 
167 327 
167 301 
167 89 
167 79 
168 259 
168 60 
168 217 
168 261 
168 278 
168 207 
168 57 
168 33 
168 435 
168 255 
169 164 
169 317 
169 310 
169 410 
169 184 
169 265 
170 12 
170 485 
170 36 
170 405 
170 2 
171 216 
171 316 
171 382 
171 97 
171 211 
171 127 
171 194 
171 96 
171 286 
171 494 
171 163 
172 436 
172 434 
172 269 
172 398 
172 79 
172 482 
173 473 
173 476 
173 281 
173 250 
173 221 
174 378 
174 451 
174 89 
174 239 
174 377 
175 154 
175 347 
175 247 
175 209 
175 430 
175 123 
175 16 
175 166 
175 143 
175 303 
176 312 
176 131 
176 472 
176 296 
176 329 
176 489 
176 156 
176 451 
176 320 
176 314 
177 488 
177 410 
177 293 
177 140 
177 485 
177 23 
177 380 
177 276 
178 401 
178 427 
178 163 
178 411 
179 458 
179 272 
179 117 
179 193 
179 282 
179 38 
179 287 
179 121 
179 324 
180 330 
180 405 
180 420 
180 394 
181 24 
181 417 
181 26 
181 222 
181 459 
181 326 
181 342 
181 201 
181 71 
181 190 
181 89 
181 54 
182 216 
183 485 
183 374 
183 413 
183 202 
183 39 
183 268 
183 56 
183 136 
184 474 
184 169 
184 32 
184 281 
185 290 
185 255 
185 371 
185 454 
185 67 
185 310 
186 340 
186 202 
186 2 
186 301 
186 284 
186 279 
186 360 
186 69 
186 343 
187 363 
187 157 
187 115 
187 322 
187 62 
187 350 
188 224 
188 340 
188 300 
188 44 
188 78 
188 8 
189 373 
189 94 
190 459 
190 407 
190 140 
190 314 
190 335 
190 181 
190 425 
190 306 
190 303 
190 107 
191 33 
191 295 
191 368 
191 384 
191 334 
191 159 
191 109 
192 350 
192 161 
192 16 
192 415 
192 136 
192 83 
192 61 
192 103 
193 160 
193 179 
193 417 
193 390 
193 197 
193 2 
193 291 
193 442 
193 125 
193 447 
194 360 
194 149 
194 303 
194 317 
194 102 
194 414 
194 171 
194 64 
194 446 
195 164 
195 96 
195 322 
195 205 
195 86 
195 221 
195 347 
195 258 
195 394 
195 150 
196 26 
197 141 
197 78 
197 442 
197 28 
197 403 
197 138 
197 164 
197 193 
197 153 
197 218 
197 487 
197 43 
197 285 
197 208 
198 100 
198 157 
198 91 
198 358 
198 271 
198 127 
198 224 
198 290 
198 349 
198 59 
199 333 
199 227 
199 424 
199 480 
199 413 
200 257 
200 350 
200 255 
200 52 
200 57 
200 411 
200 126 
201 181 
201 429 
201 275 
201 378 
202 186 
202 183 
202 463 
202 131 
203 451 
203 97 
203 295 
203 242 
203 209 
203 57 
203 90 
203 376 
203 397 
203 135 
204 357 
204 296 
204 324 
204 288 
204 350 
205 236 
205 239 
205 283 
205 247 
205 298 
205 252 
205 353 
205 195 
205 425 
205 241 
205 373 
206 102 
206 44 
206 57 
206 445 
206 64 
206 393 
207 286 
207 221 
207 168 
207 357 
207 230 
207 17 
207 154 
207 481 
207 266 
207 109 
207 83 
208 282 
208 478 
208 283 
208 410 
208 102 
208 454 
208 379 
208 197 
209 92 
209 375 
209 473 
209 14 
209 9 
209 203 
209 233 
209 427 
209 175 
209 120 
209 257 
210 267 
210 469 
210 476 
210 21 
210 318 
210 321 
210 216 
210 424 
210 135 
211 419 
211 111 
211 433 
211 298 
211 336 
211 470 
211 386 
211 171 
211 2 
211 216 
211 39 
211 139 
211 335 
212 154 
212 31 
212 372 
212 69 
212 474 
212 321 
212 254 
213 380 
213 266 
213 160 
213 449 
213 48 
213 441 
213 372 
213 309 
213 483 
214 419 
214 108 
214 220 
214 150 
214 411 
214 133 
214 118 
214 480 
214 353 
215 474 
215 305 
215 497 
215 90 
215 94 
215 285 
215 284 
215 36 
215 21 
215 471 
216 171 
216 9 
216 245 
216 375 
216 94 
216 182 
216 305 
216 210 
216 211 
216 360 
216 464 
216 62 
217 315 
217 85 
217 168 
217 391 
217 148 
218 293 
218 314 
218 10 
218 403 
218 446 
218 400 
218 117 
218 197 
218 363 
218 224 
219 479 
219 396 
219 67 
219 15 
219 118 
219 134 
219 362 
220 80 
220 60 
220 214 
220 492 
220 145 
220 324 
220 129 
220 33 
220 150 
220 107 
220 287 
221 473 
221 207 
221 10 
221 108 
221 195 
221 76 
221 455 
221 420 
221 173 
222 181 
222 364 
222 426 
222 300 
222 31 
222 19 
223 404 
223 14 
223 257 
224 188 
224 198 
224 380 
224 473 
224 446 
224 218 
224 493 
224 288 
225 487 
225 265 
226 449 
226 266 
226 58 
226 99 
226 387 
226 165 
226 455 
226 34 
227 199 
227 370 
227 313 
227 470 
227 349 
227 255 
227 366 
227 60 
227 396 
228 26 
228 350 
228 298 
228 309 
228 487 
228 497 
228 290 
228 35 
229 309 
229 336 
229 246 
229 20 
229 65 
230 61 
230 330 
230 438 
230 377 
230 207 
230 286 
231 392 
231 117 
231 35 
231 345 
231 373 
231 327 
231 119 
231 86 
231 266 
231 424 
232 314 
232 480 
232 29 
232 484 
232 367 
232 308 
232 495 
233 11 
233 105 
233 73 
233 209 
233 102 
233 53 
233 391 
234 474 
234 483 
234 325 
234 331 
234 249 
234 255 
234 4 
235 157 
235 34 
235 311 
235 106 
235 344 
235 274 
236 205 
236 70 
236 151 
236 114 
236 404 
236 389 
236 335 
237 417 
237 306 
237 123 
238 394 
238 263 
238 8 
238 404 
238 292 
238 119 
238 108 
238 274 
239 205 
239 274 
239 476 
239 20 
239 174 
239 404 
240 292 
240 300 
240 163 
240 52 
240 261 
241 12 
241 274 
241 394 
241 331 
241 332 
241 442 
241 302 
241 364 
241 22 
241 205 
241 289 
242 282 
242 203 
242 391 
242 147 
242 1 
242 310 
242 324 
242 159 
243 414 
243 433 
243 498 
243 277 
244 117 
244 382 
244 119 
244 452 
244 143 
245 216 
245 89 
245 474 
245 110 
245 91 
245 42 
246 229 
246 160 
246 471 
246 302 
247 419 
247 205 
247 53 
247 175 
247 406 
247 465 
247 149 
248 266 
248 349 
248 50 
248 304 
248 157 
249 480 
249 234 
249 347 
250 129 
250 18 
250 55 
250 368 
250 434 
250 476 
250 450 
250 173 
250 108 
250 305 
251 364 
251 324 
251 436 
251 440 
251 1 
251 274 
251 392 
251 333 
252 205 
252 329 
252 343 
252 31 
252 398 
252 154 
253 261 
253 146 
253 82 
253 113 
253 469 
254 304 
254 113 
254 466 
254 212 
254 405 
254 288 
254 276 
255 311 
255 185 
255 8 
255 227 
255 200 
255 109 
255 423 
255 361 
255 473 
255 162 
255 234 
255 168 
256 500 
256 401 
256 83 
256 311 
256 343 
256 315 
256 25 
256 92 
256 449 
257 200 
257 263 
257 457 
257 223 
257 454 
257 147 
257 425 
257 418 
257 209 
258 480 
258 314 
258 90 
258 60 
258 195 
259 168 
259 457 
259 410 
259 103 
259 60 
260 262 
260 272 
260 421 
260 60 
260 437 
261 253 
261 168 
261 144 
261 279 
261 277 
261 476 
261 158 
261 240 
261 152 
262 260 
262 74 
262 104 
262 270 
263 257 
263 104 
263 238 
263 106 
263 269 
263 479 
263 88 
264 377 
264 27 
264 270 
264 323 
265 441 
265 411 
265 167 
265 365 
265 276 
265 225 
265 169 
265 156 
266 213 
266 26 
266 381 
266 226 
266 62 
266 248 
266 102 
266 417 
266 492 
266 84 
266 207 
266 231 
267 129 
267 155 
267 210 
267 102 
267 341 
267 40 
268 482 
268 297 
268 183 
268 337 
268 436 
269 368 
269 306 
269 54 
269 263 
269 172 
269 325 
269 56 
269 475 
269 435 
269 133 
270 106 
270 282 
270 154 
270 92 
270 341 
270 264 
270 262 
270 41 
270 445 
270 125 
270 37 
271 198 
272 179 
272 260 
272 78 
272 367 
272 95 
272 26 
272 380 
272 108 
272 36 
272 355 
272 396 
273 46 
273 431 
273 439 
274 72 
274 438 
274 74 
274 241 
274 429 
274 239 
274 456 
274 402 
274 404 
274 251 
274 235 
274 238 
275 98 
275 383 
275 75 
275 317 
275 50 
275 201 
276 129 
276 132 
276 265 
276 34 
276 107 
276 254 
276 353 
276 177 
277 297 
277 298 
277 35 
277 5 
277 261 
277 243 
277 468 
278 168 
278 432 
278 279 
278 353 
278 458 
278 95 
279 128 
279 295 
279 350 
279 283 
279 347 
279 288 
279 261 
279 278 
279 186 
279 62 
280 489 
280 394 
280 288 
280 86 
280 77 
281 287 
281 10 
281 441 
281 173 
281 333 
281 336 
281 135 
281 408 
281 184 
281 496 
281 108 
282 208 
282 242 
282 376 
282 56 
282 270 
282 111 
282 179 
282 404 
282 317 
283 205 
283 291 
283 472 
283 279 
283 475 
283 344 
283 435 
283 476 
283 208 
283 433 
284 343 
284 497 
284 355 
284 186 
284 56 
284 9 
284 215 
284 300 
284 129 
284 151 
284 164 
285 429 
285 387 
285 136 
285 90 
285 215 
285 363 
285 22 
285 197 
285 434 
286 340 
286 207 
286 42 
286 448 
286 387 
286 360 
286 367 
286 161 
286 171 
286 230 
287 281 
287 100 
287 332 
287 40 
287 466 
287 179 
287 73 
287 220 
288 52 
288 362 
288 475 
288 445 
288 460 
288 279 
288 280 
288 426 
288 462 
288 73 
288 204 
288 98 
288 254 
288 145 
288 224 
289 374 
289 18 
289 29 
289 300 
289 100 
289 419 
289 75 
289 241 
289 461 
290 185 
290 462 
290 500 
290 332 
290 377 
290 477 
290 359 
290 228 
290 198 
290 426 
291 283 
291 145 
291 79 
291 342 
291 193 
291 383 
291 1 
292 240 
292 1 
292 238 
292 166 
293 177 
293 167 
293 218 
293 408 
293 433 
293 86 
293 108 
293 346 
294 161 
294 34 
294 76 
295 279 
295 203 
295 420 
295 191 
295 132 
295 369 
295 130 
295 32 
295 451 
295 485 
295 423 
295 439 
295 336 
296 386 
296 377 
296 39 
296 300 
296 176 
296 204 
296 53 
296 487 
297 277 
297 429 
297 37 
297 45 
297 268 
297 492 
297 90 
298 277 
298 305 
298 113 
298 205 
298 211 
298 455 
298 34 
298 228 
298 28 
298 10 
298 78 
298 153 
299 498 
299 163 
299 415 
300 381 
300 109 
300 240 
300 296 
300 188 
300 289 
300 448 
300 490 
300 222 
300 284 
301 432 
301 334 
301 37 
301 476 
301 335 
301 186 
301 167 
301 474 
301 8 
302 331 
302 382 
302 462 
302 241 
302 112 
302 144 
302 317 
302 246 
302 349 
303 52 
303 194 
303 1 
303 396 
303 190 
303 175 
303 498 
304 254 
304 60 
304 441 
304 160 
304 127 
304 164 
304 248 
304 39 
305 215 
305 450 
305 448 
305 298 
305 62 
305 373 
305 216 
305 325 
305 250 
306 71 
306 17 
306 447 
306 433 
306 269 
306 425 
306 392 
306 237 
306 104 
306 190 
307 152 
307 421 
307 393 
307 105 
307 311 
307 130 
308 376 
308 380 
308 138 
308 232 
308 42 
308 128 
308 390 
309 229 
309 500 
309 425 
309 437 
309 431 
309 228 
309 484 
309 4 
309 469 
309 75 
309 97 
309 213 
309 95 
310 169 
310 320 
310 242 
310 350 
310 457 
310 185 
311 372 
311 255 
311 235 
311 314 
311 81 
311 256 
311 307 
311 37 
312 94 
312 13 
312 176 
312 445 
312 130 
312 474 
312 334 
313 227 
313 59 
313 357 
313 132 
313 156 
314 232 
314 218 
314 258 
314 190 
314 311 
314 144 
314 150 
314 353 
314 176 
315 217 
315 17 
315 21 
315 159 
315 256 
316 171 
316 42 
316 369 
316 426 
317 169 
317 2 
317 396 
317 194 
317 275 
317 302 
317 357 
317 72 
317 500 
317 282 
318 379 
318 210 
319 373 
319 72 
320 480 
320 310 
320 148 
320 176 
320 127 
321 115 
321 212 
321 210 
321 329 
322 110 
322 83 
322 195 
322 484 
322 187 
322 389 
322 146 
323 141 
323 99 
323 264 
324 251 
324 63 
324 363 
324 81 
324 463 
324 346 
324 220 
324 7 
324 68 
324 204 
324 242 
324 6 
324 179 
325 152 
325 30 
325 151 
325 234 
325 269 
325 305 
325 418 
325 27 
325 23 
326 439 
326 181 
326 382 
326 337 
327 66 
327 114 
327 159 
327 167 
327 17 
327 231 
327 401 
327 427 
328 81 
328 426 
328 454 
328 75 
328 407 
328 465 
328 26 
328 126 
328 411 
329 43 
329 252 
329 135 
329 176 
329 321 
329 11 
330 434 
330 344 
330 70 
330 230 
330 180 
330 114 
330 107 
330 418 
331 302 
331 241 
331 234 
331 153 
331 152 
332 290 
332 79 
332 498 
332 241 
332 287 
332 346 
332 158 
333 416 
333 199 
333 16 
333 139 
333 281 
333 491 
333 459 
333 251 
334 409 
334 301 
334 103 
334 165 
334 23 
334 351 
334 474 
334 191 
334 396 
334 312 
335 341 
335 494 
335 301 
335 190 
335 85 
335 410 
335 106 
335 236 
335 473 
335 211 
336 119 
336 229 
336 211 
336 155 
336 151 
336 434 
336 430 
336 449 
336 281 
336 47 
336 295 
337 124 
337 45 
337 82 
337 326 
337 268 
337 343 
337 165 
338 352 
338 382 
338 417 
338 123 
338 116 
339 498 
339 165 
339 490 
340 101 
340 186 
340 286 
340 188 
340 394 
340 388 
340 468 
340 51 
340 94 
340 139 
341 335 
341 267 
341 270 
341 21 
341 483 
341 427 
342 346 
342 490 
342 291 
342 451 
342 357 
342 375 
342 181 
342 139 
342 410 
343 39 
343 284 
343 414 
343 252 
343 38 
343 47 
343 137 
343 475 
343 98 
343 136 
343 256 
343 496 
343 120 
343 79 
343 337 
343 186 
344 330 
344 382 
344 434 
344 484 
344 464 
344 477 
344 87 
344 373 
344 235 
344 11 
344 283 
344 141 
344 166 
345 163 
345 463 
345 231 
345 371 
345 349 
345 383 
346 342 
346 410 
346 153 
346 324 
346 332 
346 62 
346 362 
346 293 
346 9 
347 175 
347 415 
347 131 
347 279 
347 419 
347 195 
347 249 
347 480 
348 463 
348 19 
348 352 
348 427 
348 81 
349 474 
349 163 
349 401 
349 381 
349 369 
349 227 
349 248 
349 400 
349 345 
349 198 
349 31 
349 162 
349 302 
350 412 
350 124 
350 279 
350 192 
350 228 
350 200 
350 18 
350 4 
350 310 
350 156 
350 204 
350 423 
350 80 
350 83 
350 187 
351 441 
351 334 
351 427 
351 401 
352 338 
352 348 
352 443 
352 129 
353 205 
353 155 
353 278 
353 276 
353 314 
353 214 
354 385 
354 141 
354 364 
354 110 
354 379 
355 371 
355 284 
355 272 
355 385 
356 93 
356 80 
356 54 
356 472 
356 406 
357 110 
357 144 
357 204 
357 342 
357 313 
357 207 
357 165 
357 317 
357 452 
357 395 
358 121 
358 198 
358 74 
358 124 
358 429 
358 472 
359 147 
359 290 
359 121 
359 423 
359 495 
360 194 
360 22 
360 25 
360 378 
360 216 
360 286 
360 186 
360 14 
361 467 
361 372 
361 255 
361 420 
361 397 
361 65 
361 71 
362 429 
362 2 
362 288 
362 462 
362 413 
362 446 
362 346 
362 219 
363 463 
363 187 
363 480 
363 324 
363 82 
363 437 
363 394 
363 285 
363 218 
364 251 
364 8 
364 477 
364 25 
364 127 
364 222 
364 95 
364 354 
364 241 
365 265 
365 45 
365 148 
365 104 
365 135 
366 392 
366 147 
366 227 
366 9 
366 129 
366 487 
366 415 
367 57 
367 232 
367 272 
367 398 
367 412 
367 485 
367 286 
367 48 
367 404 
367 23 
367 159 
368 269 
368 479 
368 191 
368 52 
368 250 
368 7 
368 415 
369 349 
369 49 
369 295 
369 162 
369 316 
369 165 
369 141 
370 476 
370 21 
370 227 
370 128 
371 355 
371 59 
371 458 
371 185 
371 345 
371 41 
372 481 
372 311 
372 137 
372 361 
372 212 
372 213 
372 448 
373 305 
373 157 
373 24 
373 231 
373 344 
373 319 
373 189 
373 29 
373 485 
373 105 
373 126 
373 205 
374 289 
374 183 
374 40 
374 450 
375 209 
375 111 
375 216 
375 133 
375 342 
375 31 
375 500 
376 308 
376 282 
376 462 
376 203 
377 296 
377 442 
377 290 
377 107 
377 13 
377 230 
377 394 
377 264 
377 174 
377 466 
378 174 
378 433 
378 360 
378 201 
378 465 
379 98 
379 318 
379 43 
379 133 
379 354 
379 208 
380 213 
380 308 
380 473 
380 1 
380 272 
380 224 
380 81 
380 44 
380 128 
380 177 
381 349 
381 300 
381 266 
381 158 
381 460 
381 482 
382 244 
382 121 
382 344 
382 414 
382 302 
382 171 
382 338 
382 36 
382 54 
382 147 
382 326 
382 73 
383 480 
383 275 
383 441 
383 291 
383 452 
383 12 
383 345 
384 63 
384 29 
384 191 
384 115 
385 354 
385 157 
385 124 
385 440 
385 355 
386 296 
386 20 
386 85 
386 211 
386 390 
386 97 
386 37 
386 62 
387 430 
387 285 
387 20 
387 160 
387 449 
387 226 
387 18 
387 28 
387 286 
387 407 
387 91 
388 340 
388 472 
389 117 
389 401 
389 484 
389 322 
389 236 
390 117 
390 486 
390 193 
390 386 
390 37 
390 46 
390 308 
390 150 
391 424 
391 481 
391 242 
391 217 
391 125 
391 58 
391 233 
391 109 
391 426 
392 231 
392 399 
392 454 
392 464 
392 115 
392 366 
392 157 
392 306 
392 251 
393 90 
393 307 
393 206 
394 238 
394 241 
394 280 
394 340 
394 141 
394 377 
394 363 
394 417 
394 180 
394 195 
394 478 
395 33 
395 54 
395 357 
396 493 
396 219 
396 317 
396 119 
396 334 
396 303 
396 272 
396 227 
397 32 
397 361 
397 203 
397 458 
397 40 
398 37 
398 252 
398 367 
398 172 
399 54 
399 392 
399 153 
399 68 
399 483 
399 478 
400 12 
400 6 
400 65 
400 349 
400 218 
400 76 
400 142 
400 413 
401 178 
401 349 
401 256 
401 21 
401 35 
401 389 
401 351 
401 24 
401 327 
401 38 
401 7 
402 166 
402 81 
402 274 
402 55 
403 197 
403 18 
403 448 
403 218 
403 162 
403 473 
403 486 
404 223 
404 489 
404 238 
404 236 
404 282 
404 274 
404 239 
404 367 
405 170 
405 180 
405 121 
405 254 
406 61 
406 494 
406 116 
406 247 
406 104 
406 356 
406 420 
407 190 
407 41 
407 328 
407 121 
407 165 
407 454 
407 387 
407 157 
408 293 
408 494 
408 130 
408 497 
408 426 
408 13 
408 281 
409 334 
409 11 
409 467 
410 177 
410 107 
410 346 
410 259 
410 169 
410 208 
410 58 
410 342 
410 335 
411 155 
411 265 
411 59 
411 496 
411 33 
411 71 
411 493 
411 200 
411 214 
411 328 
411 178 
411 148 
412 350 
412 50 
412 69 
412 40 
412 367 
412 67 
412 115 
413 447 
413 23 
413 444 
413 92 
413 183 
413 124 
413 362 
413 199 
413 428 
413 103 
413 400 
414 494 
414 382 
414 243 
414 343 
414 127 
414 469 
414 194 
414 99 
414 97 
414 159 
414 131 
415 74 
415 456 
415 347 
415 192 
415 148 
415 366 
415 8 
415 299 
415 22 
415 368 
416 333 
416 41 
417 181 
417 469 
417 10 
417 141 
417 237 
417 193 
417 427 
417 266 
417 338 
417 394 
417 23 
417 45 
418 434 
418 330 
418 73 
418 325 
418 257 
418 459 
419 247 
419 494 
419 211 
419 214 
419 289 
419 347 
419 420 
420 435 
420 119 
420 295 
420 448 
420 361 
420 180 
420 406 
420 221 
420 419 
421 260 
421 307 
421 122 
422 52 
422 143 
423 137 
423 23 
423 255 
423 359 
423 350 
423 295 
423 455 
424 391 
424 199 
424 210 
424 231 
425 309 
425 306 
425 205 
425 470 
425 86 
425 25 
425 190 
425 257 
426 462 
426 328 
426 222 
426 162 
426 288 
426 456 
426 408 
426 290 
426 391 
426 316 
427 72 
427 209 
427 143 
427 417 
427 467 
427 348 
427 178 
427 351 
427 341 
427 327 
428 485 
428 59 
428 47 
428 413 
429 362 
429 285 
429 297 
429 495 
429 274 
429 54 
429 109 
429 201 
429 10 
429 358 
430 387 
430 491 
430 142 
430 336 
430 175 
431 133 
431 309 
431 443 
431 475 
431 273 
432 301 
432 445 
432 33 
432 63 
432 16 
432 124 
432 53 
432 278 
432 475 
432 160 
433 306 
433 102 
433 96 
433 211 
433 293 
433 243 
433 378 
433 483 
433 455 
433 283 
434 330 
434 418 
434 172 
434 344 
434 336 
434 250 
434 285 
434 454 
435 420 
435 283 
435 168 
435 269 
435 462 
436 172 
436 251 
436 268 
436 484 
436 487 
436 460 
437 146 
437 309 
437 363 
437 449 
437 8 
437 260 
437 79 
437 466 
438 274 
438 230 
438 74 
438 32 
438 51 
438 35 
438 100 
439 326 
439 121 
439 295 
439 273 
440 81 
440 251 
440 385 
441 265 
441 351 
441 304 
441 161 
441 213 
441 499 
441 281 
441 383 
441 53 
442 377 
442 85 
442 34 
442 197 
442 134 
442 241 
442 193 
443 11 
443 431 
443 472 
443 352 
443 97 
444 497 
444 413 
445 42 
445 432 
445 288 
445 21 
445 312 
445 64 
445 206 
445 72 
445 270 
446 88 
446 218 
446 66 
446 224 
446 362 
446 19 
446 194 
447 413 
447 306 
447 74 
447 145 
447 193 
447 81 
448 305 
448 97 
448 28 
448 403 
448 420 
448 300 
448 372 
448 286 
448 51 
449 226 
449 213 
449 336 
449 5 
449 437 
449 387 
449 138 
449 97 
449 256 
450 305 
450 116 
450 374 
450 250 
451 203 
451 80 
451 174 
451 342 
451 465 
451 176 
451 295 
451 74 
452 72 
452 244 
452 70 
452 383 
452 357 
453 161 
453 41 
453 482 
454 392 
454 185 
454 328 
454 110 
454 87 
454 39 
454 257 
454 57 
454 208 
454 407 
454 434 
455 113 
455 28 
455 298 
455 495 
455 221 
455 433 
455 226 
455 133 
455 120 
455 423 
456 415 
456 274 
456 459 
456 426 
456 487 
456 5 
457 259 
457 114 
457 120 
457 257 
457 481 
457 143 
457 310 
458 179 
458 371 
458 150 
458 278 
458 397 
459 190 
459 181 
459 18 
459 115 
459 158 
459 456 
459 333 
459 418 
460 72 
460 63 
460 288 
460 75 
460 381 
460 436 
461 289 
462 426 
462 290 
462 376 
462 29 
462 302 
462 5 
462 288 
462 362 
462 435 
463 348 
463 363 
463 345 
463 324 
463 202 
464 392 
464 344 
464 105 
464 216 
465 40 
465 17 
465 57 
465 76 
465 26 
465 474 
465 451 
465 30 
465 154 
465 328 
465 247 
465 99 
465 378 
465 487 
466 254 
466 287 
466 377 
466 437 
467 361 
467 125 
467 427 
467 409 
468 131 
468 340 
468 50 
468 51 
468 277 
469 155 
469 417 
469 210 
469 491 
469 414 
469 309 
469 19 
469 57 
469 253 
470 227 
470 211 
470 425 
470 131 
471 53 
471 215 
471 246 
472 161 
472 163 
472 283 
472 176 
472 356 
472 497 
472 388 
472 106 
472 443 
472 37 
472 358 
473 209 
473 173 
473 221 
473 380 
473 255 
473 224 
473 29 
473 403 
473 335 
474 215 
474 349 
474 234 
474 465 
474 245 
474 334 
474 184 
474 212 
474 301 
474 312 
475 288 
475 116 
475 283 
475 6 
475 122 
475 343 
475 77 
475 431 
475 269 
475 432 
476 370 
476 239 
476 173 
476 301 
476 117 
476 210 
476 283 
476 261 
476 477 
476 250 
476 48 
477 34 
477 364 
477 344 
477 290 
477 40 
477 476 
478 208 
478 44 
478 6 
478 399 
478 394 
479 219 
479 368 
479 493 
479 22 
479 103 
479 71 
479 123 
479 263 
480 383 
480 258 
480 320 
480 363 
480 232 
480 249 
480 118 
480 199 
480 40 
480 347 
480 214 
481 372 
481 391 
481 34 
481 78 
481 457 
481 13 
481 207 
482 268 
482 25 
482 453 
482 494 
482 172 
482 381 
483 234 
483 399 
483 433 
483 139 
483 341 
483 43 
483 143 
483 213 
484 344 
484 500 
484 232 
484 322 
484 309 
484 15 
484 389 
484 139 
484 436 
485 183 
485 170 
485 428 
485 153 
485 177 
485 150 
485 367 
485 373 
485 295 
485 1 
486 74 
486 105 
486 390 
486 403 
487 92 
487 228 
487 366 
487 197 
487 494 
487 296 
487 225 
487 24 
487 436 
487 465 
487 456 
488 177 
488 128 
488 22 
489 73 
489 280 
489 136 
489 176 
489 404 
489 20 
489 149 
490 342 
490 300 
490 62 
490 339 
491 430 
491 160 
491 469 
491 333 
492 33 
492 28 
492 220 
492 131 
492 54 
492 266 
492 297 
493 396 
493 5 
493 411 
493 479 
493 224 
494 419 
494 38 
494 414 
494 335 
494 406 
494 408 
494 120 
494 487 
494 482 
494 171 
495 429 
495 455 
495 232 
495 110 
495 359 
496 411 
496 90 
496 343 
496 281 
496 10 
497 444 
497 215 
497 80 
497 284 
497 155 
497 472 
497 228 
497 107 
497 408 
498 339 
498 299 
498 332 
498 68 
498 243 
498 303 
499 441 
500 309 
500 290 
500 256 
500 484 
500 131 
500 375 
500 317 
0 0 0