300 700
1 247 
1 122 
1 29 
1 127 
1 177 
1 273 
2 99 
2 107 
2 297 
2 181 
3 154 
3 276 
3 21 
3 238 
4 72 
4 73 
4 97 
5 191 
5 177 
5 270 
6 51 
7 109 
8 75 
8 57 
8 19 
9 66 
9 41 
9 182 
10 154 
10 94 
10 92 
11 185 
11 69 
11 16 
12 141 
12 43 
12 202 
12 280 
12 242 
12 70 
13 37 
13 214 
13 197 
13 108 
13 209 
13 242 
14 63 
14 16 
14 285 
14 82 
15 207 
15 16 
15 158 
15 242 
16 56 
16 15 
16 14 
16 298 
16 262 
16 11 
17 252 
17 291 
18 186 
18 253 
18 212 
18 228 
19 297 
19 57 
19 105 
19 209 
19 8 
20 176 
20 151 
20 148 
21 85 
21 52 
21 35 
21 53 
21 3 
21 198 
22 131 
22 221 
22 90 
22 140 
22 128 
22 72 
22 105 
23 218 
23 94 
24 165 
24 186 
24 219 
25 259 
25 243 
25 151 
26 218 
26 103 
26 137 
26 224 
26 243 
26 89 
26 211 
27 161 
27 91 
27 81 
27 238 
28 229 
28 62 
28 228 
29 44 
29 145 
29 195 
29 147 
29 157 
29 1 
29 181 
29 204 
30 51 
30 264 
30 80 
30 290 
30 129 
31 173 
31 113 
32 109 
32 195 
32 61 
32 233 
32 123 
33 113 
33 239 
33 77 
33 200 
34 95 
34 88 
35 93 
35 60 
35 169 
35 211 
35 282 
35 21 
36 253 
36 248 
36 164 
36 79 
37 187 
37 147 
37 230 
37 111 
37 13 
37 134 
37 68 
38 288 
38 244 
38 258 
39 277 
39 146 
39 117 
39 297 
39 231 
39 209 
39 147 
39 156 
39 217 
40 298 
40 257 
41 113 
41 278 
41 9 
41 201 
41 85 
42 233 
42 300 
43 12 
43 87 
43 187 
44 29 
44 132 
44 208 
44 194 
44 274 
44 172 
44 161 
45 250 
46 149 
46 151 
46 101 
46 157 
47 125 
48 74 
48 178 
48 193 
49 218 
49 191 
50 186 
50 77 
50 190 
50 252 
51 30 
51 283 
51 247 
51 289 
51 136 
51 6 
52 199 
52 21 
52 96 
52 150 
52 153 
53 291 
53 133 
53 21 
53 101 
53 228 
54 264 
54 133 
54 90 
54 56 
55 136 
55 234 
55 278 
55 71 
55 201 
56 147 
56 16 
56 87 
56 54 
56 163 
56 135 
57 92 
57 58 
57 19 
57 242 
57 144 
57 8 
57 95 
58 123 
58 57 
58 187 
58 100 
58 221 
58 143 
58 213 
58 87 
58 241 
58 256 
59 187 
59 268 
59 75 
60 121 
60 35 
60 248 
60 186 
60 80 
60 211 
60 114 
61 149 
61 32 
61 165 
61 274 
61 64 
61 228 
62 213 
62 28 
62 230 
62 181 
63 14 
63 86 
63 156 
63 217 
64 218 
64 127 
64 140 
64 61 
65 162 
66 9 
67 277 
67 291 
67 161 
68 230 
68 218 
68 127 
68 37 
68 258 
69 210 
69 11 
70 188 
70 214 
70 12 
71 248 
71 88 
71 132 
71 55 
71 204 
71 95 
72 190 
72 4 
72 22 
72 253 
72 112 
72 156 
73 4 
73 203 
73 82 
73 208 
73 190 
74 294 
74 48 
74 152 
74 293 
75 203 
75 189 
75 268 
75 59 
75 103 
75 160 
75 8 
76 296 
76 279 
77 50 
77 154 
77 216 
77 145 
77 267 
77 33 
78 202 
78 213 
78 280 
79 132 
79 93 
79 230 
79 273 
79 172 
79 36 
80 87 
80 197 
80 30 
80 139 
80 60 
80 173 
80 147 
81 27 
81 141 
81 118 
82 237 
82 258 
82 268 
82 73 
82 14 
83 273 
83 127 
83 267 
83 228 
84 204 
84 134 
84 170 
84 293 
84 267 
85 21 
85 126 
85 121 
85 193 
85 41 
86 63 
86 167 
86 220 
86 289 
86 197 
86 133 
87 80 
87 153 
87 162 
87 126 
87 164 
87 43 
87 266 
87 56 
87 261 
87 103 
87 58 
87 114 
88 183 
88 71 
88 270 
88 34 
88 169 
88 113 
89 203 
89 143 
89 26 
90 206 
90 22 
90 210 
90 253 
90 54 
90 131 
91 291 
91 93 
91 27 
91 294 
92 127 
92 57 
92 262 
92 214 
92 10 
92 178 
93 35 
93 91 
93 79 
94 10 
94 23 
95 125 
95 34 
95 128 
95 71 
95 57 
96 253 
96 110 
96 108 
96 52 
96 212 
97 263 
97 4 
98 272 
99 2 
99 117 
99 291 
99 277 
100 198 
100 147 
100 58 
100 142 
100 283 
100 230 
101 241 
101 46 
101 174 
101 53 
101 130 
102 141 
102 162 
102 166 
102 229 
102 175 
103 137 
103 26 
103 87 
103 75 
103 143 
104 232 
104 266 
104 107 
105 229 
105 19 
105 22 
105 274 
105 219 
106 185 
106 231 
106 152 
107 2 
107 233 
107 168 
107 194 
107 104 
108 214 
108 216 
108 96 
108 13 
109 32 
109 155 
109 287 
109 257 
109 7 
109 174 
110 235 
110 96 
110 180 
110 201 
110 115 
110 118 
110 160 
110 173 
111 37 
111 112 
112 156 
112 199 
112 219 
112 188 
112 72 
112 111 
113 41 
113 293 
113 239 
113 153 
113 33 
113 218 
113 31 
113 88 
114 208 
114 122 
114 60 
114 87 
115 110 
116 262 
116 231 
117 99 
117 39 
118 167 
118 81 
118 110 
118 144 
119 146 
119 285 
119 230 
119 183 
120 261 
120 148 
120 300 
120 230 
120 280 
120 265 
120 195 
121 60 
121 85 
121 239 
122 1 
122 213 
122 114 
122 200 
122 209 
122 225 
123 58 
123 172 
123 125 
123 192 
123 212 
123 134 
123 32 
123 193 
124 272 
124 173 
124 294 
125 95 
125 47 
125 292 
125 123 
125 248 
126 85 
126 87 
126 164 
126 256 
126 236 
126 238 
126 217 
127 83 
127 92 
127 64 
127 236 
127 68 
127 1 
128 290 
128 250 
128 95 
128 22 
128 168 
128 191 
128 283 
129 276 
129 30 
130 101 
131 22 
131 288 
131 90 
132 176 
132 79 
132 44 
132 286 
132 71 
133 271 
133 54 
133 53 
133 224 
133 86 
134 84 
134 250 
134 184 
134 239 
134 187 
134 123 
134 37 
135 56 
136 55 
136 189 
136 51 
137 103 
137 241 
137 280 
137 26 
138 250 
138 151 
138 235 
138 223 
138 215 
139 232 
139 182 
139 80 
139 185 
139 201 
140 149 
140 261 
140 182 
140 64 
140 22 
140 190 
141 12 
141 102 
141 260 
141 233 
141 81 
142 100 
142 248 
143 206 
143 186 
143 89 
143 58 
143 144 
143 103 
144 182 
144 143 
144 57 
144 118 
145 29 
145 77 
145 237 
145 182 
146 283 
146 147 
146 39 
146 119 
146 208 
146 155 
146 214 
146 257 
147 37 
147 100 
147 56 
147 146 
147 29 
147 39 
147 80 
148 120 
148 206 
148 210 
148 20 
149 61 
149 140 
149 46 
150 280 
150 244 
150 245 
150 268 
150 52 
150 235 
150 195 
151 234 
151 20 
151 46 
151 138 
151 297 
151 25 
152 295 
152 74 
152 188 
152 106 
153 167 
153 87 
153 113 
153 263 
153 206 
153 52 
153 296 
153 211 
154 10 
154 3 
154 284 
154 77 
154 188 
155 109 
155 146 
155 191 
156 112 
156 63 
156 233 
156 39 
156 72 
157 246 
157 214 
157 29 
157 229 
157 276 
157 46 
158 293 
158 285 
158 15 
159 243 
160 216 
160 75 
160 110 
161 170 
161 27 
161 281 
161 236 
161 67 
161 194 
161 44 
162 65 
162 102 
162 87 
162 283 
162 289 
163 221 
163 231 
163 262 
163 56 
164 87 
164 126 
164 259 
164 36 
165 206 
165 183 
165 24 
165 61 
165 212 
166 275 
166 205 
166 102 
166 240 
166 285 
167 187 
167 153 
167 240 
167 118 
167 86 
167 229 
167 219 
167 292 
168 257 
168 224 
168 215 
168 107 
168 128 
169 274 
169 35 
169 88 
169 290 
170 161 
170 84 
171 268 
171 180 
172 123 
172 295 
172 44 
172 79 
173 31 
173 254 
173 124 
173 298 
173 80 
173 110 
174 265 
174 223 
174 211 
174 101 
174 109 
174 178 
175 189 
175 184 
175 102 
175 245 
176 132 
176 20 
176 212 
176 214 
176 275 
176 265 
177 265 
177 238 
177 5 
177 1 
178 185 
178 182 
178 48 
178 92 
178 272 
178 174 
179 289 
179 238 
179 294 
179 194 
179 252 
180 171 
180 110 
180 196 
181 2 
181 29 
181 230 
181 62 
181 204 
181 285 
182 140 
182 139 
182 217 
182 178 
182 144 
182 9 
182 145 
183 88 
183 230 
183 165 
183 119 
183 210 
183 298 
184 217 
184 134 
184 175 
185 178 
185 106 
185 11 
185 139 
186 50 
186 205 
186 18 
186 143 
186 237 
186 60 
186 24 
186 251 
186 195 
187 167 
187 215 
187 59 
187 37 
187 58 
187 134 
187 43 
188 152 
188 285 
188 70 
188 112 
188 154 
189 136 
189 75 
189 175 
189 291 
190 72 
190 256 
190 50 
190 248 
190 266 
190 235 
190 140 
190 253 
190 221 
190 73 
191 49 
191 5 
191 261 
191 128 
191 155 
192 123 
192 289 
193 300 
193 259 
193 206 
193 220 
193 85 
193 48 
193 123 
194 227 
194 44 
194 179 
194 107 
194 161 
195 29 
195 32 
195 291 
195 150 
195 120 
195 186 
196 288 
196 300 
196 180 
196 232 
196 265 
196 293 
197 80 
197 216 
197 235 
197 13 
197 86 
198 100 
198 214 
198 253 
198 21 
199 112 
199 249 
199 52 
199 267 
199 261 
200 122 
200 33 
201 296 
201 289 
201 110 
201 55 
201 139 
201 41 
201 211 
202 271 
202 78 
202 12 
202 264 
203 89 
203 75 
203 73 
203 281 
204 84 
204 279 
204 71 
204 29 
204 181 
205 186 
205 166 
205 298 
206 165 
206 257 
206 90 
206 143 
206 148 
206 153 
206 193 
207 224 
207 15 
207 222 
208 236 
208 114 
208 146 
208 44 
208 73 
209 122 
209 19 
209 39 
209 224 
209 13 
210 90 
210 148 
210 69 
210 183 
211 277 
211 35 
211 174 
211 60 
211 26 
211 201 
211 153 
212 176 
212 18 
212 290 
212 123 
212 96 
212 165 
213 122 
213 62 
213 78 
213 58 
213 269 
214 108 
214 157 
214 198 
214 13 
214 267 
214 92 
214 70 
214 176 
214 146 
215 299 
215 187 
215 168 
215 138 
216 108 
216 197 
216 160 
216 77 
216 217 
217 184 
217 182 
217 262 
217 63 
217 126 
217 216 
217 39 
218 64 
218 49 
218 26 
218 268 
218 228 
218 221 
218 23 
218 68 
218 113 
218 247 
219 112 
219 167 
219 24 
219 299 
219 105 
220 86 
220 193 
221 222 
221 163 
221 22 
221 218 
221 58 
221 190 
221 281 
222 221 
222 229 
222 207 
223 261 
223 225 
223 174 
223 138 
223 252 
224 207 
224 231 
224 253 
224 168 
224 300 
224 26 
224 133 
224 209 
224 270 
224 284 
225 223 
225 285 
225 270 
225 122 
226 293 
227 194 
227 239 
227 272 
228 263 
228 264 
228 218 
228 269 
228 28 
228 18 
228 83 
228 53 
228 61 
229 105 
229 28 
229 252 
229 102 
229 167 
229 222 
229 157 
230 183 
230 292 
230 37 
230 68 
230 119 
230 300 
230 120 
230 100 
230 79 
230 181 
230 62 
231 224 
231 106 
231 163 
231 39 
231 116 
232 139 
232 293 
232 255 
232 196 
232 104 
233 291 
233 242 
233 42 
233 290 
233 107 
233 156 
233 236 
233 141 
233 32 
233 277 
234 55 
234 151 
234 283 
235 110 
235 197 
235 138 
235 290 
235 150 
235 190 
236 208 
236 161 
236 127 
236 126 
236 233 
237 82 
237 186 
237 145 
238 283 
238 179 
238 177 
238 239 
238 126 
238 297 
238 27 
238 3 
239 113 
239 238 
239 227 
239 33 
239 134 
239 121 
239 299 
240 167 
240 166 
241 137 
241 101 
241 58 
242 233 
242 245 
242 277 
242 15 
242 57 
242 13 
242 12 
243 26 
243 159 
243 25 
244 150 
244 38 
245 267 
245 150 
245 242 
245 175 
246 258 
246 157 
246 250 
246 262 
247 1 
247 51 
247 218 
248 71 
248 60 
248 252 
248 36 
248 190 
248 125 
248 142 
249 199 
250 134 
250 138 
250 128 
250 265 
250 246 
250 45 
251 299 
251 186 
252 17 
252 229 
252 248 
252 50 
252 179 
252 223 
252 279 
253 96 
253 36 
253 224 
253 18 
253 90 
253 72 
253 190 
253 297 
253 198 
254 288 
254 284 
254 173 
255 232 
256 190 
256 261 
256 126 
256 58 
257 206 
257 168 
257 40 
257 109 
257 146 
258 291 
258 246 
258 82 
258 297 
258 38 
258 68 
259 25 
259 193 
259 164 
259 268 
260 141 
260 270 
261 120 
261 140 
261 223 
261 191 
261 256 
261 87 
261 199 
262 287 
262 92 
262 163 
262 116 
262 217 
262 246 
262 16 
263 228 
263 153 
263 97 
264 30 
264 228 
264 54 
264 202 
264 279 
265 177 
265 174 
265 250 
265 196 
265 176 
265 120 
266 87 
266 104 
266 190 
267 245 
267 214 
267 83 
267 77 
267 199 
267 84 
268 218 
268 171 
268 150 
268 59 
268 82 
268 75 
268 259 
269 228 
269 213 
270 282 
270 260 
270 292 
270 225 
270 88 
270 5 
270 224 
271 202 
271 133 
272 98 
272 124 
272 227 
272 178 
273 83 
273 79 
273 1 
274 169 
274 105 
274 61 
274 44 
275 166 
275 288 
275 176 
276 3 
276 129 
276 157 
277 39 
277 67 
277 211 
277 242 
277 233 
277 99 
278 55 
278 41 
279 204 
279 76 
279 264 
279 252 
280 150 
280 137 
280 12 
280 120 
280 78 
281 161 
281 203 
281 221 
282 291 
282 270 
282 35 
283 51 
283 238 
283 146 
283 162 
283 100 
283 234 
283 128 
284 254 
284 154 
284 224 
285 188 
285 225 
285 158 
285 14 
285 119 
285 166 
285 181 
286 132 
287 262 
287 109 
288 196 
288 254 
288 38 
288 275 
288 131 
289 179 
289 201 
289 51 
289 86 
289 192 
289 162 
290 233 
290 128 
290 235 
290 30 
290 212 
290 169 
291 258 
291 282 
291 91 
291 53 
291 233 
291 67 
291 99 
291 195 
291 189 
291 17 
292 230 
292 125 
292 270 
292 167 
293 113 
293 74 
293 232 
293 158 
293 226 
293 196 
293 84 
294 74 
294 179 
294 124 
294 91 
295 152 
295 172 
296 201 
296 76 
296 153 
297 19 
297 2 
297 39 
297 151 
297 258 
297 253 
297 238 
298 40 
298 173 
298 205 
298 16 
298 183 
299 215 
299 251 
299 219 
299 239 
300 193 
300 196 
300 120 
300 224 
300 230 
300 42 
0 0 0