80 800
1 70 
1 36 
1 73 
1 80 
1 53 
1 51 
1 46 
1 66 
1 62 
1 27 
1 13 
1 65 
1 18 
1 17 
1 26 
1 19 
1 38 
1 67 
1 76 
1 10 
1 49 
1 29 
1 33 
1 2 
2 66 
2 26 
2 34 
2 32 
2 69 
2 76 
2 74 
2 55 
2 43 
2 61 
2 51 
2 22 
2 41 
2 13 
2 60 
2 68 
2 36 
2 67 
2 45 
2 79 
2 72 
2 3 
2 59 
2 48 
2 1 
2 23 
3 24 
3 9 
3 55 
3 37 
3 67 
3 18 
3 47 
3 27 
3 31 
3 30 
3 23 
3 26 
3 12 
3 36 
3 62 
3 25 
3 45 
3 43 
3 28 
3 2 
3 10 
3 53 
3 22 
3 34 
3 75 
4 35 
4 33 
4 64 
4 41 
4 66 
4 9 
4 48 
4 32 
4 46 
4 25 
4 53 
4 65 
4 18 
4 76 
5 22 
5 69 
5 6 
5 33 
5 76 
5 42 
5 52 
5 60 
5 47 
5 29 
5 54 
5 48 
5 17 
5 53 
6 74 
6 5 
6 31 
6 37 
6 28 
6 29 
6 14 
6 49 
6 19 
6 75 
6 54 
6 8 
6 23 
6 63 
6 70 
6 60 
6 61 
7 61 
7 77 
7 11 
7 23 
7 28 
7 10 
7 27 
7 21 
7 73 
7 41 
7 75 
7 55 
7 51 
7 45 
7 80 
7 76 
7 71 
7 68 
7 16 
8 77 
8 22 
8 73 
8 11 
8 33 
8 79 
8 26 
8 43 
8 6 
8 70 
8 32 
8 24 
8 49 
8 53 
8 80 
9 53 
9 3 
9 23 
9 44 
9 27 
9 61 
9 39 
9 4 
9 68 
9 55 
9 42 
9 30 
9 20 
9 16 
9 45 
9 65 
9 73 
9 25 
9 14 
9 72 
9 32 
9 56 
9 57 
9 12 
9 36 
10 16 
10 45 
10 7 
10 14 
10 52 
10 29 
10 51 
10 11 
10 12 
10 56 
10 58 
10 60 
10 79 
10 53 
10 77 
10 1 
10 3 
10 50 
10 22 
10 71 
10 59 
10 63 
10 32 
10 23 
11 62 
11 26 
11 21 
11 23 
11 7 
11 10 
11 8 
11 48 
11 53 
11 35 
11 39 
11 37 
11 38 
11 12 
11 66 
11 22 
12 76 
12 18 
12 55 
12 34 
12 25 
12 30 
12 22 
12 42 
12 10 
12 50 
12 65 
12 3 
12 56 
12 27 
12 11 
12 64 
12 49 
12 40 
12 41 
12 74 
12 9 
13 62 
13 77 
13 32 
13 43 
13 74 
13 75 
13 1 
13 67 
13 2 
13 23 
14 30 
14 24 
14 60 
14 36 
14 34 
14 10 
14 66 
14 18 
14 17 
14 23 
14 33 
14 6 
14 53 
14 56 
14 35 
14 62 
14 9 
14 22 
14 27 
14 20 
15 57 
15 24 
15 18 
15 22 
15 19 
15 65 
15 48 
15 67 
15 41 
15 58 
15 40 
15 72 
15 54 
15 20 
16 10 
16 67 
16 75 
16 57 
16 60 
16 53 
16 27 
16 59 
16 33 
16 50 
16 73 
16 41 
16 9 
16 72 
16 79 
16 47 
16 51 
16 7 
16 20 
17 61 
17 48 
17 71 
17 26 
17 31 
17 23 
17 14 
17 59 
17 44 
17 79 
17 33 
17 56 
17 63 
17 77 
17 1 
17 65 
17 37 
17 19 
17 25 
17 73 
17 20 
17 5 
18 75 
18 40 
18 12 
18 30 
18 73 
18 39 
18 68 
18 57 
18 15 
18 3 
18 14 
18 23 
18 43 
18 1 
18 51 
18 58 
18 56 
18 77 
18 48 
18 61 
18 67 
18 69 
18 4 
19 63 
19 74 
19 24 
19 61 
19 56 
19 26 
19 64 
19 68 
19 54 
19 58 
19 15 
19 65 
19 38 
19 51 
19 60 
19 6 
19 29 
19 25 
19 17 
19 47 
19 1 
19 30 
19 79 
19 34 
19 52 
20 76 
20 36 
20 33 
20 79 
20 51 
20 34 
20 70 
20 9 
20 52 
20 30 
20 56 
20 77 
20 14 
20 17 
20 71 
20 24 
20 15 
20 31 
20 16 
21 64 
21 60 
21 67 
21 11 
21 46 
21 68 
21 71 
21 32 
21 72 
21 45 
21 23 
21 77 
21 49 
21 7 
21 27 
21 54 
21 42 
21 65 
21 62 
21 55 
21 22 
21 59 
22 5 
22 25 
22 8 
22 12 
22 33 
22 15 
22 68 
22 51 
22 55 
22 2 
22 61 
22 72 
22 76 
22 30 
22 37 
22 36 
22 14 
22 11 
22 10 
22 21 
22 3 
22 65 
23 11 
23 9 
23 51 
23 7 
23 17 
23 3 
23 73 
23 21 
23 72 
23 14 
23 46 
23 18 
23 52 
23 28 
23 50 
23 44 
23 38 
23 79 
23 41 
23 62 
23 13 
23 70 
23 6 
23 66 
23 2 
23 10 
23 67 
24 3 
24 36 
24 27 
24 19 
24 14 
24 54 
24 15 
24 42 
24 53 
24 40 
24 46 
24 58 
24 80 
24 28 
24 55 
24 71 
24 8 
24 79 
24 43 
24 77 
24 20 
25 22 
25 72 
25 12 
25 74 
25 43 
25 45 
25 54 
25 63 
25 73 
25 3 
25 66 
25 19 
25 4 
25 58 
25 17 
25 9 
25 34 
25 47 
26 17 
26 2 
26 11 
26 19 
26 27 
26 66 
26 37 
26 45 
26 31 
26 76 
26 36 
26 52 
26 3 
26 74 
26 8 
26 77 
26 38 
26 30 
26 49 
26 61 
26 1 
26 70 
26 32 
26 75 
26 29 
27 24 
27 47 
27 70 
27 75 
27 26 
27 52 
27 50 
27 3 
27 9 
27 7 
27 16 
27 1 
27 21 
27 61 
27 12 
27 74 
27 68 
27 42 
27 30 
27 38 
27 29 
27 62 
27 14 
27 39 
27 57 
28 70 
28 44 
28 30 
28 80 
28 59 
28 7 
28 33 
28 6 
28 39 
28 29 
28 23 
28 24 
28 73 
28 41 
28 49 
28 3 
28 57 
28 66 
28 37 
29 36 
29 42 
29 78 
29 53 
29 10 
29 66 
29 28 
29 69 
29 49 
29 6 
29 5 
29 65 
29 63 
29 72 
29 19 
29 71 
29 68 
29 27 
29 26 
29 1 
29 79 
30 14 
30 36 
30 37 
30 18 
30 70 
30 64 
30 28 
30 12 
30 55 
30 48 
30 3 
30 35 
30 69 
30 63 
30 9 
30 26 
30 22 
30 20 
30 75 
30 27 
30 71 
30 19 
30 77 
31 17 
31 6 
31 3 
31 26 
31 67 
31 72 
31 50 
31 80 
31 45 
31 70 
31 42 
31 37 
31 64 
31 73 
31 20 
32 63 
32 38 
32 2 
32 13 
32 54 
32 21 
32 53 
32 66 
32 4 
32 60 
32 69 
32 8 
32 56 
32 26 
32 9 
32 33 
32 10 
33 68 
33 76 
33 73 
33 5 
33 4 
33 20 
33 56 
33 65 
33 22 
33 28 
33 16 
33 8 
33 14 
33 17 
33 62 
33 67 
33 59 
33 36 
33 70 
33 80 
33 1 
33 32 
33 74 
33 44 
34 76 
34 73 
34 64 
34 12 
34 2 
34 45 
34 79 
34 14 
34 56 
34 63 
34 49 
34 47 
34 43 
34 35 
34 20 
34 51 
34 38 
34 41 
34 72 
34 60 
34 19 
34 25 
34 3 
35 65 
35 4 
35 44 
35 34 
35 51 
35 30 
35 11 
35 36 
35 69 
35 70 
35 71 
35 78 
35 14 
35 53 
35 61 
35 76 
35 60 
36 51 
36 29 
36 39 
36 24 
36 1 
36 30 
36 38 
36 20 
36 14 
36 59 
36 26 
36 62 
36 75 
36 66 
36 53 
36 40 
36 3 
36 35 
36 42 
36 2 
36 22 
36 33 
36 48 
36 54 
36 65 
36 9 
37 30 
37 38 
37 3 
37 6 
37 72 
37 26 
37 46 
37 11 
37 49 
37 22 
37 17 
37 31 
37 63 
37 73 
37 28 
37 70 
38 37 
38 36 
38 32 
38 78 
38 50 
38 34 
38 72 
38 74 
38 40 
38 19 
38 26 
38 11 
38 41 
38 23 
38 1 
38 27 
38 75 
38 55 
39 55 
39 36 
39 18 
39 58 
39 56 
39 74 
39 70 
39 28 
39 9 
39 71 
39 11 
39 61 
39 62 
39 46 
39 72 
39 27 
39 52 
40 18 
40 44 
40 80 
40 64 
40 43 
40 54 
40 75 
40 56 
40 55 
40 24 
40 78 
40 73 
40 38 
40 36 
40 58 
40 15 
40 60 
40 12 
41 48 
41 64 
41 43 
41 79 
41 4 
41 44 
41 73 
41 34 
41 2 
41 7 
41 38 
41 28 
41 16 
41 15 
41 57 
41 23 
41 46 
41 58 
41 67 
41 12 
41 70 
41 59 
42 80 
42 29 
42 5 
42 12 
42 24 
42 58 
42 63 
42 47 
42 65 
42 9 
42 36 
42 21 
42 31 
42 27 
42 75 
42 79 
42 72 
42 45 
43 72 
43 70 
43 40 
43 41 
43 25 
43 13 
43 2 
43 34 
43 18 
43 59 
43 74 
43 8 
43 3 
43 58 
43 45 
43 60 
43 24 
44 56 
44 40 
44 28 
44 9 
44 73 
44 58 
44 35 
44 17 
44 41 
44 77 
44 65 
44 23 
44 78 
44 52 
44 54 
44 75 
44 33 
45 54 
45 10 
45 34 
45 26 
45 25 
45 53 
45 21 
45 60 
45 77 
45 58 
45 31 
45 2 
45 9 
45 3 
45 43 
45 7 
45 42 
45 73 
45 50 
46 60 
46 21 
46 52 
46 1 
46 63 
46 48 
46 37 
46 24 
46 76 
46 23 
46 54 
46 57 
46 70 
46 4 
46 74 
46 41 
46 39 
47 78 
47 27 
47 73 
47 3 
47 79 
47 34 
47 58 
47 42 
47 5 
47 57 
47 70 
47 16 
47 49 
47 19 
47 72 
47 60 
47 25 
48 17 
48 41 
48 68 
48 65 
48 30 
48 46 
48 74 
48 11 
48 80 
48 60 
48 4 
48 15 
48 64 
48 52 
48 50 
48 18 
48 2 
48 5 
48 36 
49 50 
49 70 
49 59 
49 34 
49 21 
49 29 
49 66 
49 68 
49 6 
49 52 
49 26 
49 37 
49 56 
49 64 
49 71 
49 47 
49 28 
49 78 
49 69 
49 58 
49 12 
49 1 
49 8 
49 63 
50 49 
50 80 
50 27 
50 61 
50 60 
50 77 
50 16 
50 38 
50 51 
50 12 
50 23 
50 31 
50 48 
50 10 
50 70 
50 45 
51 36 
51 23 
51 1 
51 70 
51 53 
51 66 
51 2 
51 20 
51 22 
51 10 
51 75 
51 34 
51 50 
51 35 
51 19 
51 18 
51 7 
51 16 
52 79 
52 74 
52 46 
52 27 
52 5 
52 10 
52 26 
52 23 
52 44 
52 49 
52 60 
52 20 
52 70 
52 78 
52 48 
52 19 
52 62 
52 53 
52 67 
52 39 
53 9 
53 65 
53 1 
53 67 
53 24 
53 29 
53 51 
53 16 
53 45 
53 11 
53 70 
53 32 
53 36 
53 14 
53 69 
53 71 
53 10 
53 4 
53 35 
53 80 
53 3 
53 52 
53 5 
53 8 
54 75 
54 24 
54 45 
54 40 
54 19 
54 78 
54 61 
54 32 
54 25 
54 46 
54 63 
54 21 
54 6 
54 72 
54 44 
54 65 
54 57 
54 60 
54 59 
54 5 
54 66 
54 15 
54 36 
55 39 
55 12 
55 3 
55 62 
55 30 
55 71 
55 2 
55 40 
55 22 
55 65 
55 80 
55 9 
55 24 
55 7 
55 73 
55 21 
55 38 
55 56 
56 44 
56 19 
56 33 
56 39 
56 40 
56 34 
56 17 
56 12 
56 14 
56 10 
56 78 
56 49 
56 18 
56 20 
56 62 
56 74 
56 32 
56 9 
56 55 
57 15 
57 63 
57 18 
57 16 
57 65 
57 75 
57 71 
57 46 
57 73 
57 68 
57 47 
57 54 
57 41 
57 28 
57 9 
57 27 
57 74 
58 78 
58 39 
58 19 
58 44 
58 42 
58 24 
58 47 
58 60 
58 40 
58 45 
58 10 
58 73 
58 18 
58 49 
58 43 
58 15 
58 25 
58 41 
58 74 
58 80 
59 70 
59 60 
59 36 
59 28 
59 49 
59 17 
59 16 
59 43 
59 68 
59 61 
59 74 
59 69 
59 33 
59 54 
59 2 
59 10 
59 41 
59 21 
60 21 
60 14 
60 70 
60 59 
60 46 
60 16 
60 71 
60 50 
60 5 
60 45 
60 19 
60 48 
60 58 
60 2 
60 32 
60 52 
60 10 
60 54 
60 43 
60 34 
60 40 
60 62 
60 6 
60 35 
60 47 
61 17 
61 74 
61 19 
61 68 
61 7 
61 54 
61 50 
61 78 
61 2 
61 63 
61 9 
61 27 
61 59 
61 22 
61 70 
61 26 
61 39 
61 35 
61 18 
61 6 
62 74 
62 72 
62 11 
62 13 
62 55 
62 1 
62 36 
62 3 
62 64 
62 33 
62 23 
62 68 
62 14 
62 39 
62 21 
62 56 
62 27 
62 60 
62 52 
62 70 
63 19 
63 32 
63 75 
63 57 
63 46 
63 64 
63 34 
63 25 
63 61 
63 42 
63 30 
63 54 
63 17 
63 29 
63 71 
63 6 
63 10 
63 37 
63 49 
64 21 
64 41 
64 34 
64 40 
64 80 
64 30 
64 19 
64 4 
64 77 
64 63 
64 75 
64 49 
64 12 
64 62 
64 48 
64 31 
64 74 
65 53 
65 35 
65 48 
65 33 
65 71 
65 69 
65 57 
65 55 
65 19 
65 15 
65 44 
65 42 
65 1 
65 29 
65 12 
65 73 
65 17 
65 54 
65 21 
65 9 
65 4 
65 22 
65 66 
65 36 
66 2 
66 77 
66 26 
66 1 
66 14 
66 70 
66 51 
66 29 
66 36 
66 4 
66 49 
66 32 
66 73 
66 25 
66 11 
66 23 
66 54 
66 28 
66 65 
67 73 
67 16 
67 21 
67 78 
67 3 
67 53 
67 31 
67 13 
67 15 
67 2 
67 70 
67 33 
67 1 
67 41 
67 18 
67 23 
67 52 
68 33 
68 48 
68 61 
68 18 
68 19 
68 21 
68 22 
68 78 
68 9 
68 59 
68 49 
68 57 
68 2 
68 27 
68 62 
68 80 
68 29 
68 7 
69 5 
69 2 
69 65 
69 29 
69 30 
69 35 
69 53 
69 32 
69 49 
69 59 
69 75 
69 18 
70 1 
70 43 
70 59 
70 28 
70 30 
70 27 
70 49 
70 60 
70 51 
70 66 
70 39 
70 77 
70 20 
70 53 
70 61 
70 46 
70 72 
70 35 
70 8 
70 47 
70 26 
70 67 
70 52 
70 31 
70 74 
70 23 
70 33 
70 6 
70 41 
70 50 
70 62 
70 37 
71 74 
71 17 
71 55 
71 21 
71 60 
71 65 
71 39 
71 57 
71 35 
71 53 
71 49 
71 24 
71 63 
71 30 
71 29 
71 10 
71 20 
71 7 
72 43 
72 62 
72 25 
72 37 
72 21 
72 23 
72 38 
72 31 
72 22 
72 29 
72 70 
72 34 
72 54 
72 16 
72 2 
72 15 
72 42 
72 47 
72 9 
72 39 
72 74 
73 67 
73 34 
73 1 
73 18 
73 33 
73 47 
73 44 
73 23 
73 8 
73 41 
73 78 
73 40 
73 7 
73 66 
73 57 
73 77 
73 28 
73 16 
73 25 
73 65 
73 58 
73 74 
73 9 
73 55 
73 17 
73 31 
73 45 
73 37 
73 80 
74 62 
74 6 
74 71 
74 19 
74 52 
74 61 
74 25 
74 2 
74 39 
74 13 
74 48 
74 26 
74 38 
74 43 
74 27 
74 46 
74 73 
74 76 
74 59 
74 70 
74 56 
74 72 
74 12 
74 58 
74 64 
74 33 
74 57 
75 18 
75 16 
75 54 
75 63 
75 27 
75 40 
75 64 
75 36 
75 13 
75 51 
75 79 
75 57 
75 6 
75 44 
75 7 
75 30 
75 42 
75 26 
75 38 
75 80 
75 69 
75 3 
76 20 
76 12 
76 34 
76 33 
76 5 
76 2 
76 26 
76 77 
76 46 
76 22 
76 74 
76 79 
76 1 
76 7 
76 35 
76 4 
77 66 
77 8 
77 7 
77 13 
77 64 
77 76 
77 50 
77 21 
77 44 
77 70 
77 73 
77 26 
77 45 
77 17 
77 20 
77 10 
77 18 
77 30 
77 80 
77 24 
78 47 
78 58 
78 67 
78 29 
78 54 
78 61 
78 68 
78 40 
78 38 
78 73 
78 44 
78 35 
78 56 
78 49 
78 52 
78 79 
79 52 
79 34 
79 41 
79 47 
79 20 
79 75 
79 17 
79 8 
79 23 
79 2 
79 16 
79 10 
79 76 
79 42 
79 19 
79 24 
79 80 
79 78 
79 29 
80 40 
80 50 
80 64 
80 42 
80 1 
80 28 
80 55 
80 24 
80 48 
80 31 
80 68 
80 7 
80 33 
80 53 
80 77 
80 79 
80 75 
80 58 
80 8 
80 73 
0 0 0