81 810
1 54 
1 18 
1 15 
1 8 
1 27 
1 10 
1 28 
1 32 
1 5 
1 51 
1 73 
1 71 
1 9 
1 13 
1 58 
1 21 
1 42 
1 49 
1 80 
2 11 
2 69 
2 51 
2 43 
2 46 
2 40 
2 61 
2 78 
2 65 
2 73 
2 66 
2 4 
2 54 
2 26 
2 56 
2 13 
2 21 
2 74 
2 33 
2 10 
2 16 
2 15 
2 39 
2 50 
2 22 
2 81 
2 76 
2 7 
3 27 
3 8 
3 16 
3 39 
3 65 
3 19 
3 78 
3 76 
3 45 
3 15 
3 9 
3 47 
3 10 
3 72 
3 23 
3 21 
3 38 
3 6 
3 62 
4 27 
4 8 
4 72 
4 9 
4 79 
4 16 
4 81 
4 38 
4 2 
4 57 
4 26 
4 54 
4 76 
4 6 
4 15 
4 22 
4 20 
4 69 
4 17 
4 65 
4 19 
5 31 
5 53 
5 13 
5 37 
5 12 
5 1 
5 19 
5 56 
5 9 
5 65 
5 6 
5 73 
5 68 
5 54 
5 80 
5 32 
5 48 
5 7 
5 59 
6 34 
6 45 
6 17 
6 18 
6 80 
6 52 
6 62 
6 81 
6 36 
6 23 
6 7 
6 78 
6 4 
6 70 
6 29 
6 14 
6 5 
6 46 
6 68 
6 20 
6 38 
6 57 
6 65 
6 39 
6 3 
7 28 
7 64 
7 45 
7 78 
7 14 
7 18 
7 81 
7 6 
7 10 
7 36 
7 55 
7 58 
7 61 
7 13 
7 5 
7 2 
8 76 
8 67 
8 3 
8 4 
8 52 
8 44 
8 1 
8 77 
8 80 
8 57 
8 58 
8 50 
8 40 
8 20 
8 37 
8 12 
8 35 
8 72 
8 26 
8 65 
8 13 
8 24 
8 78 
9 4 
9 51 
9 69 
9 18 
9 42 
9 5 
9 74 
9 78 
9 61 
9 32 
9 3 
9 10 
9 65 
9 67 
9 1 
9 57 
9 36 
9 53 
9 81 
9 45 
9 15 
10 43 
10 50 
10 74 
10 41 
10 1 
10 26 
10 79 
10 51 
10 35 
10 20 
10 7 
10 30 
10 57 
10 2 
10 64 
10 61 
10 47 
10 9 
10 27 
10 3 
10 56 
10 49 
10 46 
11 81 
11 2 
11 60 
11 39 
11 47 
11 26 
11 72 
11 41 
11 44 
11 28 
11 80 
11 37 
11 74 
11 67 
11 48 
11 18 
11 79 
11 38 
11 53 
11 58 
11 13 
11 65 
11 52 
11 16 
11 45 
11 70 
11 46 
12 73 
12 19 
12 23 
12 38 
12 55 
12 5 
12 65 
12 71 
12 25 
12 60 
12 8 
12 75 
12 54 
12 58 
12 47 
12 70 
12 18 
13 43 
13 57 
13 5 
13 72 
13 26 
13 55 
13 42 
13 2 
13 76 
13 54 
13 28 
13 11 
13 41 
13 22 
13 1 
13 70 
13 29 
13 63 
13 7 
13 17 
13 8 
13 78 
13 20 
14 45 
14 59 
14 46 
14 50 
14 62 
14 39 
14 78 
14 7 
14 64 
14 77 
14 18 
14 6 
14 25 
14 61 
14 56 
14 32 
14 68 
14 49 
14 31 
14 38 
15 68 
15 40 
15 51 
15 1 
15 61 
15 16 
15 3 
15 80 
15 4 
15 23 
15 20 
15 2 
15 78 
15 38 
15 45 
15 9 
15 52 
15 62 
15 81 
16 52 
16 46 
16 45 
16 3 
16 4 
16 50 
16 43 
16 47 
16 64 
16 15 
16 54 
16 75 
16 19 
16 26 
16 2 
16 34 
16 33 
16 76 
16 11 
16 48 
17 26 
17 60 
17 6 
17 65 
17 25 
17 80 
17 78 
17 46 
17 48 
17 77 
17 4 
17 19 
17 51 
17 66 
17 40 
17 31 
17 13 
17 32 
17 24 
17 72 
18 46 
18 79 
18 1 
18 65 
18 6 
18 7 
18 43 
18 9 
18 70 
18 29 
18 57 
18 42 
18 11 
18 14 
18 75 
18 30 
18 55 
18 62 
18 24 
18 61 
18 63 
18 25 
18 66 
18 67 
18 12 
19 21 
19 74 
19 20 
19 12 
19 3 
19 52 
19 68 
19 5 
19 48 
19 37 
19 76 
19 16 
19 58 
19 75 
19 17 
19 44 
19 35 
19 4 
19 65 
20 41 
20 79 
20 19 
20 49 
20 46 
20 62 
20 10 
20 8 
20 42 
20 15 
20 70 
20 4 
20 56 
20 6 
20 52 
20 73 
20 60 
20 53 
20 65 
20 13 
20 45 
21 19 
21 46 
21 79 
21 55 
21 2 
21 43 
21 28 
21 47 
21 34 
21 1 
21 23 
21 39 
21 44 
21 73 
21 3 
21 74 
21 72 
22 36 
22 58 
22 70 
22 64 
22 33 
22 28 
22 29 
22 30 
22 48 
22 62 
22 61 
22 13 
22 4 
22 47 
22 2 
22 38 
22 24 
22 50 
22 57 
23 37 
23 25 
23 30 
23 12 
23 59 
23 80 
23 6 
23 46 
23 72 
23 57 
23 15 
23 47 
23 3 
23 21 
23 67 
23 42 
23 73 
24 58 
24 66 
24 35 
24 59 
24 45 
24 78 
24 72 
24 62 
24 53 
24 18 
24 22 
24 52 
24 27 
24 17 
24 8 
25 23 
25 59 
25 81 
25 47 
25 30 
25 66 
25 53 
25 17 
25 34 
25 14 
25 62 
25 69 
25 12 
25 68 
25 43 
25 26 
25 67 
25 18 
25 29 
25 50 
26 35 
26 17 
26 32 
26 38 
26 11 
26 10 
26 13 
26 62 
26 72 
26 48 
26 2 
26 33 
26 4 
26 52 
26 50 
26 43 
26 16 
26 25 
26 74 
26 27 
26 8 
26 69 
26 61 
27 4 
27 3 
27 48 
27 52 
27 39 
27 46 
27 1 
27 40 
27 66 
27 79 
27 76 
27 57 
27 80 
27 35 
27 10 
27 63 
27 31 
27 26 
27 47 
27 24 
28 7 
28 71 
28 36 
28 67 
28 40 
28 11 
28 61 
28 1 
28 22 
28 43 
28 74 
28 76 
28 13 
28 31 
28 21 
28 39 
28 32 
28 30 
28 47 
28 33 
28 58 
29 48 
29 70 
29 55 
29 34 
29 60 
29 47 
29 18 
29 22 
29 30 
29 6 
29 74 
29 72 
29 39 
29 13 
29 76 
29 54 
29 75 
29 25 
29 59 
30 44 
30 65 
30 67 
30 45 
30 23 
30 25 
30 29 
30 22 
30 18 
30 10 
30 70 
30 60 
30 28 
30 58 
30 35 
30 48 
30 66 
30 75 
30 54 
30 62 
31 5 
31 70 
31 57 
31 81 
31 49 
31 63 
31 73 
31 42 
31 34 
31 40 
31 62 
31 28 
31 35 
31 56 
31 37 
31 50 
31 39 
31 27 
31 17 
31 44 
31 52 
31 14 
31 38 
32 51 
32 74 
32 46 
32 26 
32 64 
32 36 
32 76 
32 75 
32 79 
32 1 
32 73 
32 53 
32 9 
32 14 
32 55 
32 28 
32 59 
32 54 
32 5 
32 70 
32 17 
33 54 
33 68 
33 44 
33 55 
33 22 
33 26 
33 2 
33 63 
33 16 
33 49 
33 62 
33 42 
33 48 
33 28 
33 40 
34 55 
34 68 
34 46 
34 6 
34 29 
34 70 
34 31 
34 25 
34 71 
34 41 
34 44 
34 16 
34 21 
34 77 
34 57 
34 36 
35 51 
35 26 
35 65 
35 80 
35 24 
35 10 
35 31 
35 27 
35 8 
35 41 
35 38 
35 37 
35 59 
35 19 
35 30 
35 66 
35 69 
36 22 
36 51 
36 68 
36 28 
36 32 
36 38 
36 63 
36 52 
36 6 
36 49 
36 75 
36 50 
36 7 
36 60 
36 53 
36 79 
36 9 
36 34 
37 23 
37 40 
37 60 
37 5 
37 11 
37 51 
37 19 
37 8 
37 59 
37 31 
37 48 
37 35 
37 72 
37 73 
37 52 
38 78 
38 77 
38 56 
38 26 
38 49 
38 36 
38 76 
38 65 
38 53 
38 4 
38 12 
38 60 
38 11 
38 35 
38 6 
38 15 
38 52 
38 22 
38 51 
38 41 
38 3 
38 69 
38 31 
38 14 
39 27 
39 71 
39 57 
39 11 
39 42 
39 14 
39 3 
39 61 
39 59 
39 53 
39 64 
39 48 
39 51 
39 29 
39 2 
39 28 
39 31 
39 21 
39 6 
40 76 
40 44 
40 15 
40 2 
40 37 
40 42 
40 28 
40 27 
40 47 
40 8 
40 81 
40 59 
40 31 
40 54 
40 17 
40 33 
40 53 
41 79 
41 55 
41 20 
41 48 
41 52 
41 11 
41 10 
41 71 
41 34 
41 13 
41 35 
41 38 
42 62 
42 57 
42 39 
42 40 
42 50 
42 67 
42 48 
42 31 
42 9 
42 13 
42 18 
42 20 
42 58 
42 33 
42 23 
42 1 
43 10 
43 70 
43 2 
43 13 
43 73 
43 76 
43 18 
43 16 
43 28 
43 60 
43 74 
43 26 
43 21 
43 25 
43 75 
43 50 
43 45 
43 79 
43 54 
43 52 
43 69 
44 30 
44 40 
44 49 
44 56 
44 68 
44 33 
44 8 
44 78 
44 11 
44 61 
44 52 
44 34 
44 48 
44 76 
44 21 
44 65 
44 19 
44 31 
44 45 
45 65 
45 14 
45 16 
45 74 
45 47 
45 6 
45 68 
45 7 
45 30 
45 60 
45 3 
45 80 
45 70 
45 24 
45 71 
45 51 
45 77 
45 57 
45 43 
45 11 
45 15 
45 9 
45 49 
45 20 
45 44 
46 18 
46 16 
46 21 
46 34 
46 32 
46 14 
46 2 
46 27 
46 53 
46 20 
46 58 
46 23 
46 73 
46 67 
46 55 
46 52 
46 63 
46 6 
46 17 
46 70 
46 69 
46 60 
46 11 
46 10 
47 58 
47 45 
47 11 
47 52 
47 29 
47 25 
47 16 
47 40 
47 61 
47 3 
47 21 
47 10 
47 23 
47 66 
47 22 
47 65 
47 28 
47 56 
47 50 
47 27 
47 72 
47 12 
47 79 
48 29 
48 27 
48 73 
48 55 
48 60 
48 41 
48 42 
48 51 
48 64 
48 53 
48 26 
48 11 
48 22 
48 19 
48 39 
48 44 
48 17 
48 37 
48 81 
48 16 
48 33 
48 5 
48 30 
49 57 
49 53 
49 44 
49 56 
49 31 
49 38 
49 52 
49 20 
49 70 
49 79 
49 36 
49 63 
49 76 
49 33 
49 64 
49 14 
49 61 
49 10 
49 45 
49 1 
50 10 
50 14 
50 68 
50 42 
50 77 
50 67 
50 16 
50 64 
50 8 
50 54 
50 26 
50 36 
50 62 
50 31 
50 2 
50 43 
50 47 
50 22 
50 25 
51 32 
51 2 
51 36 
51 35 
51 15 
51 9 
51 55 
51 59 
51 48 
51 37 
51 10 
51 70 
51 65 
51 1 
51 45 
51 39 
51 17 
51 38 
51 78 
52 27 
52 16 
52 8 
52 67 
52 66 
52 53 
52 41 
52 47 
52 49 
52 6 
52 36 
52 72 
52 19 
52 26 
52 44 
52 46 
52 81 
52 56 
52 11 
52 54 
52 65 
52 55 
52 20 
52 38 
52 62 
52 15 
52 24 
52 43 
52 31 
52 37 
53 67 
53 5 
53 72 
53 49 
53 52 
53 63 
53 46 
53 25 
53 38 
53 48 
53 56 
53 68 
53 39 
53 32 
53 11 
53 36 
53 24 
53 9 
53 78 
53 62 
53 75 
53 20 
53 40 
54 1 
54 81 
54 72 
54 33 
54 78 
54 66 
54 2 
54 50 
54 62 
54 16 
54 4 
54 13 
54 40 
54 5 
54 52 
54 12 
54 59 
54 43 
54 32 
54 29 
54 30 
54 64 
55 34 
55 41 
55 48 
55 29 
55 51 
55 33 
55 21 
55 70 
55 13 
55 12 
55 64 
55 75 
55 46 
55 18 
55 77 
55 7 
55 32 
55 65 
55 69 
55 52 
56 49 
56 38 
56 44 
56 75 
56 53 
56 5 
56 77 
56 2 
56 31 
56 52 
56 14 
56 20 
56 70 
56 10 
56 47 
56 57 
56 68 
57 49 
57 39 
57 31 
57 42 
57 78 
57 13 
57 74 
57 8 
57 72 
57 4 
57 18 
57 23 
57 10 
57 27 
57 71 
57 45 
57 9 
57 6 
57 34 
57 62 
57 22 
57 56 
58 24 
58 22 
58 47 
58 65 
58 64 
58 46 
58 8 
58 67 
58 42 
58 11 
58 76 
58 7 
58 19 
58 1 
58 30 
58 12 
58 28 
59 14 
59 67 
59 74 
59 25 
59 39 
59 23 
59 51 
59 24 
59 40 
59 37 
59 54 
59 35 
59 32 
59 64 
59 5 
59 29 
60 11 
60 48 
60 29 
60 17 
60 76 
60 37 
60 45 
60 43 
60 38 
60 12 
60 36 
60 72 
60 64 
60 30 
60 20 
60 63 
60 46 
61 65 
61 2 
61 39 
61 28 
61 44 
61 71 
61 15 
61 47 
61 9 
61 74 
61 14 
61 22 
61 10 
61 67 
61 75 
61 73 
61 18 
61 7 
61 49 
61 78 
61 70 
61 77 
61 26 
62 42 
62 14 
62 65 
62 78 
62 6 
62 26 
62 70 
62 54 
62 74 
62 22 
62 20 
62 50 
62 31 
62 25 
62 18 
62 33 
62 24 
62 68 
62 66 
62 53 
62 57 
62 52 
62 15 
62 30 
62 3 
63 75 
63 53 
63 36 
63 69 
63 31 
63 49 
63 46 
63 77 
63 73 
63 33 
63 27 
63 13 
63 60 
63 18 
63 68 
63 72 
64 7 
64 32 
64 58 
64 22 
64 14 
64 48 
64 79 
64 50 
64 80 
64 16 
64 55 
64 39 
64 10 
64 78 
64 60 
64 49 
64 59 
64 54 
65 45 
65 61 
65 77 
65 30 
65 35 
65 58 
65 18 
65 3 
65 17 
65 62 
65 38 
65 2 
65 12 
65 5 
65 51 
65 11 
65 9 
65 52 
65 47 
65 55 
65 4 
65 44 
65 8 
65 73 
65 6 
65 20 
65 19 
66 79 
66 77 
66 24 
66 69 
66 52 
66 54 
66 25 
66 2 
66 67 
66 81 
66 27 
66 72 
66 47 
66 80 
66 75 
66 62 
66 17 
66 35 
66 18 
66 30 
67 53 
67 8 
67 59 
67 52 
67 30 
67 28 
67 42 
67 79 
67 50 
67 11 
67 66 
67 46 
67 58 
67 70 
67 61 
67 81 
67 9 
67 25 
67 23 
67 18 
68 15 
68 34 
68 36 
68 73 
68 50 
68 45 
68 33 
68 44 
68 19 
68 53 
68 76 
68 5 
68 25 
68 6 
68 14 
68 78 
68 62 
68 69 
68 63 
68 56 
69 2 
69 66 
69 9 
69 63 
69 25 
69 75 
69 4 
69 55 
69 46 
69 26 
69 38 
69 68 
69 35 
69 79 
69 43 
70 77 
70 79 
70 29 
70 31 
70 43 
70 22 
70 49 
70 34 
70 80 
70 62 
70 55 
70 18 
70 51 
70 6 
70 45 
70 67 
70 30 
70 20 
70 13 
70 46 
70 56 
70 61 
70 32 
70 11 
70 12 
71 39 
71 28 
71 41 
71 61 
71 12 
71 45 
71 34 
71 57 
71 1 
71 80 
71 78 
72 54 
72 4 
72 53 
72 11 
72 81 
72 13 
72 52 
72 57 
72 26 
72 23 
72 66 
72 29 
72 8 
72 24 
72 60 
72 3 
72 74 
72 37 
72 47 
72 21 
72 63 
72 17 
73 12 
73 48 
73 43 
73 68 
73 79 
73 76 
73 2 
73 31 
73 32 
73 46 
73 5 
73 63 
73 80 
73 1 
73 61 
73 20 
73 21 
73 65 
73 37 
73 23 
74 32 
74 59 
74 45 
74 19 
74 10 
74 57 
74 11 
74 78 
74 28 
74 9 
74 62 
74 43 
74 29 
74 61 
74 2 
74 26 
74 72 
74 21 
75 76 
75 63 
75 56 
75 32 
75 36 
75 18 
75 55 
75 16 
75 43 
75 66 
75 19 
75 12 
75 69 
75 61 
75 29 
75 53 
75 30 
76 8 
76 75 
76 40 
76 60 
76 32 
76 43 
76 73 
76 38 
76 3 
76 4 
76 68 
76 13 
76 28 
76 27 
76 19 
76 58 
76 80 
76 49 
76 16 
76 44 
76 29 
76 2 
76 81 
77 66 
77 70 
77 65 
77 38 
77 50 
77 8 
77 14 
77 56 
77 55 
77 63 
77 80 
77 79 
77 45 
77 34 
77 17 
77 61 
78 38 
78 57 
78 14 
78 7 
78 54 
78 2 
78 44 
78 62 
78 3 
78 74 
78 17 
78 9 
78 6 
78 24 
78 64 
78 15 
78 68 
78 53 
78 61 
78 71 
78 13 
78 51 
78 8 
79 66 
79 41 
79 70 
79 20 
79 18 
79 73 
79 4 
79 67 
79 49 
79 21 
79 10 
79 64 
79 32 
79 27 
79 11 
79 77 
79 36 
79 43 
79 47 
79 69 
80 35 
80 6 
80 11 
80 23 
80 8 
80 17 
80 70 
80 64 
80 45 
80 15 
80 77 
80 73 
80 27 
80 76 
80 66 
80 5 
80 71 
80 1 
81 11 
81 54 
81 31 
81 25 
81 4 
81 72 
81 7 
81 6 
81 40 
81 66 
81 52 
81 67 
81 48 
81 9 
81 2 
81 76 
81 15 
0 0 0