200 600
1 118 
1 179 
1 183 
1 103 
1 94 
2 196 
2 146 
2 3 
2 159 
2 123 
2 135 
2 42 
2 187 
3 128 
3 196 
3 159 
3 2 
3 194 
3 84 
3 100 
3 124 
4 23 
4 89 
4 54 
4 93 
4 163 
4 152 
4 143 
4 173 
4 135 
5 137 
5 42 
5 130 
5 26 
5 15 
6 117 
6 158 
6 61 
6 176 
6 172 
6 11 
6 94 
6 127 
6 9 
6 19 
7 50 
7 20 
7 92 
7 35 
8 43 
8 200 
8 199 
8 163 
8 124 
8 151 
8 72 
8 162 
8 195 
8 88 
8 93 
8 116 
9 34 
9 102 
9 141 
9 93 
9 15 
9 10 
9 6 
10 33 
10 70 
10 64 
10 9 
11 88 
11 33 
11 6 
12 42 
12 125 
12 158 
13 56 
14 146 
14 179 
14 150 
14 194 
14 101 
14 170 
14 139 
14 78 
15 37 
15 19 
15 74 
15 5 
15 49 
15 9 
15 93 
16 162 
16 187 
16 48 
16 45 
16 138 
17 45 
17 160 
17 84 
17 93 
18 192 
18 22 
18 60 
18 194 
18 47 
18 182 
18 48 
18 173 
18 43 
19 74 
19 57 
19 15 
19 125 
19 121 
19 162 
19 170 
19 123 
19 179 
19 148 
19 6 
20 34 
20 22 
20 42 
20 7 
20 39 
20 104 
20 33 
21 65 
21 196 
21 53 
21 188 
21 140 
21 167 
22 180 
22 18 
22 98 
22 62 
22 20 
22 44 
22 147 
22 79 
22 58 
23 4 
23 119 
23 150 
23 169 
23 193 
23 64 
24 140 
24 53 
24 29 
24 199 
24 50 
24 99 
25 156 
25 137 
25 91 
25 59 
25 122 
26 88 
26 5 
26 129 
26 80 
27 50 
28 147 
28 72 
28 144 
28 188 
28 41 
28 58 
28 95 
29 163 
29 159 
29 61 
29 24 
30 141 
30 59 
31 85 
31 94 
31 74 
31 34 
31 80 
31 100 
32 73 
32 170 
32 35 
32 152 
32 68 
32 44 
32 70 
32 160 
32 103 
33 60 
33 178 
33 10 
33 119 
33 11 
33 20 
34 9 
34 38 
34 149 
34 159 
34 20 
34 194 
34 179 
34 31 
34 37 
35 32 
35 93 
35 119 
35 178 
35 105 
35 7 
36 145 
36 172 
36 133 
36 41 
36 108 
37 187 
37 72 
37 15 
37 135 
37 189 
37 165 
37 34 
38 34 
38 70 
38 60 
39 114 
39 192 
39 50 
39 20 
39 146 
40 117 
41 93 
41 28 
41 36 
41 146 
42 195 
42 183 
42 12 
42 145 
42 5 
42 20 
42 125 
42 2 
43 8 
43 182 
43 62 
43 18 
43 58 
44 75 
44 22 
44 32 
45 17 
45 83 
45 46 
45 16 
45 140 
45 89 
46 53 
46 45 
46 141 
46 152 
46 124 
46 177 
46 92 
46 65 
47 144 
47 170 
47 122 
47 111 
47 18 
47 176 
48 129 
48 16 
48 193 
48 108 
48 163 
48 18 
48 180 
48 132 
49 183 
49 147 
49 166 
49 126 
49 15 
49 175 
49 165 
50 27 
50 92 
50 7 
50 100 
50 39 
50 140 
50 195 
50 131 
50 154 
50 24 
51 91 
51 162 
51 82 
51 170 
51 191 
52 78 
52 180 
53 120 
53 46 
53 147 
53 96 
53 135 
53 21 
53 24 
54 168 
54 107 
54 197 
54 141 
54 4 
54 70 
54 100 
55 129 
55 80 
56 155 
56 141 
56 13 
56 180 
56 127 
56 162 
56 116 
56 129 
57 157 
57 19 
57 147 
57 92 
57 103 
58 197 
58 178 
58 172 
58 66 
58 143 
58 28 
58 162 
58 22 
58 98 
58 43 
59 163 
59 98 
59 185 
59 63 
59 94 
59 25 
59 30 
60 151 
60 33 
60 18 
60 190 
60 145 
60 168 
60 38 
60 118 
60 107 
60 67 
61 91 
61 103 
61 105 
61 172 
61 6 
61 29 
61 166 
62 196 
62 187 
62 22 
62 113 
62 80 
62 184 
62 191 
62 43 
62 155 
62 94 
63 177 
63 59 
63 86 
63 190 
63 73 
63 97 
63 158 
64 10 
64 85 
64 23 
65 102 
65 21 
65 91 
65 136 
65 142 
65 99 
65 92 
65 168 
65 46 
66 129 
66 136 
66 58 
66 99 
67 123 
67 199 
67 96 
67 158 
67 60 
68 32 
68 136 
68 198 
68 160 
69 94 
69 195 
69 142 
69 178 
69 119 
70 188 
70 116 
70 38 
70 54 
70 10 
70 173 
70 32 
70 90 
70 200 
71 155 
71 159 
71 148 
71 123 
72 195 
72 176 
72 37 
72 197 
72 28 
72 181 
72 8 
73 32 
73 131 
73 177 
73 192 
73 74 
73 63 
73 93 
73 99 
74 19 
74 158 
74 15 
74 124 
74 73 
74 31 
75 44 
75 94 
75 175 
76 118 
76 199 
76 115 
77 102 
77 109 
77 155 
77 126 
78 180 
78 104 
78 52 
78 88 
78 165 
78 100 
78 14 
79 139 
79 198 
79 22 
79 153 
80 169 
80 153 
80 150 
80 62 
80 117 
80 81 
80 55 
80 31 
80 26 
81 142 
81 80 
81 163 
81 119 
82 182 
82 157 
82 51 
82 84 
83 45 
83 195 
84 17 
84 3 
84 130 
84 189 
84 131 
84 82 
85 31 
85 190 
85 133 
85 64 
86 192 
86 118 
86 63 
87 178 
87 124 
87 166 
87 193 
87 101 
88 191 
88 141 
88 11 
88 26 
88 78 
88 8 
88 146 
89 99 
89 4 
89 161 
89 45 
89 176 
90 190 
90 95 
90 187 
90 157 
90 70 
90 100 
90 114 
91 61 
91 51 
91 101 
91 65 
91 198 
91 25 
92 182 
92 50 
92 185 
92 153 
92 146 
92 57 
92 65 
92 7 
92 46 
93 41 
93 35 
93 9 
93 4 
93 17 
93 8 
93 73 
93 184 
93 154 
93 15 
94 31 
94 69 
94 144 
94 75 
94 1 
94 59 
94 196 
94 62 
94 168 
94 6 
95 151 
95 90 
95 28 
96 124 
96 139 
96 135 
96 67 
96 53 
96 170 
96 175 
97 121 
97 186 
97 63 
98 22 
98 59 
98 139 
98 142 
98 58 
99 89 
99 111 
99 65 
99 125 
99 73 
99 66 
99 24 
100 50 
100 198 
100 3 
100 54 
100 90 
100 78 
100 31 
101 91 
101 14 
101 87 
101 138 
101 196 
101 108 
102 117 
102 65 
102 9 
102 137 
102 171 
102 155 
102 110 
102 77 
102 192 
102 134 
103 105 
103 61 
103 182 
103 1 
103 57 
103 32 
104 78 
104 199 
104 188 
104 20 
104 193 
104 161 
105 103 
105 193 
105 61 
105 175 
105 35 
105 113 
106 178 
106 128 
106 173 
106 197 
106 162 
107 54 
107 60 
108 48 
108 173 
108 141 
108 101 
108 36 
109 149 
109 77 
109 177 
110 166 
110 102 
111 196 
111 99 
111 47 
111 120 
111 148 
112 195 
113 62 
113 199 
113 105 
114 148 
114 39 
114 90 
115 191 
115 193 
115 170 
115 76 
116 70 
116 159 
116 56 
116 8 
117 102 
117 6 
117 142 
117 80 
117 167 
117 40 
118 1 
118 138 
118 86 
118 76 
118 199 
118 180 
118 175 
118 147 
118 151 
118 60 
119 23 
119 35 
119 69 
119 168 
119 33 
119 186 
119 130 
119 134 
119 81 
120 53 
120 168 
120 111 
120 134 
121 151 
121 97 
121 19 
121 145 
121 135 
121 175 
122 47 
122 143 
122 175 
122 138 
122 25 
123 67 
123 162 
123 19 
123 71 
123 2 
124 96 
124 74 
124 87 
124 8 
124 3 
124 46 
125 174 
125 19 
125 12 
125 134 
125 42 
125 99 
125 147 
125 143 
125 181 
126 134 
126 194 
126 138 
126 196 
126 186 
126 49 
126 77 
127 172 
127 131 
127 56 
127 180 
127 6 
128 154 
128 135 
128 199 
128 3 
128 106 
128 143 
128 178 
128 183 
128 140 
129 180 
129 66 
129 48 
129 198 
129 164 
129 161 
129 55 
129 26 
129 56 
130 5 
130 84 
130 119 
131 73 
131 127 
131 84 
131 50 
132 162 
132 48 
133 36 
133 85 
134 126 
134 151 
134 195 
134 125 
134 119 
134 102 
134 120 
135 128 
135 96 
135 199 
135 53 
135 37 
135 2 
135 4 
135 121 
136 66 
136 65 
136 150 
136 68 
136 176 
136 178 
137 5 
137 102 
137 25 
137 196 
137 169 
138 170 
138 197 
138 118 
138 126 
138 142 
138 173 
138 16 
138 144 
138 122 
138 101 
138 139 
139 79 
139 96 
139 151 
139 98 
139 14 
139 176 
139 195 
139 138 
140 24 
140 50 
140 152 
140 45 
140 174 
140 21 
140 199 
140 128 
140 163 
141 9 
141 56 
141 88 
141 144 
141 54 
141 46 
141 30 
141 108 
142 148 
142 98 
142 117 
142 65 
142 69 
142 81 
142 138 
143 122 
143 128 
143 58 
143 125 
143 4 
144 47 
144 94 
144 141 
144 199 
144 28 
144 138 
144 178 
145 36 
145 42 
145 146 
145 60 
145 192 
145 121 
146 14 
146 145 
146 175 
146 2 
146 92 
146 88 
146 39 
146 41 
147 199 
147 28 
147 53 
147 22 
147 57 
147 191 
147 49 
147 118 
147 125 
147 181 
148 114 
148 171 
148 142 
148 186 
148 71 
148 19 
148 155 
148 111 
149 109 
149 34 
150 14 
150 80 
150 23 
150 136 
150 195 
151 60 
151 121 
151 95 
151 134 
151 139 
151 8 
151 118 
151 156 
152 183 
152 182 
152 196 
152 32 
152 191 
152 140 
152 46 
152 4 
153 80 
153 79 
153 92 
153 167 
154 128 
154 93 
154 50 
154 163 
155 71 
155 102 
155 56 
155 170 
155 77 
155 148 
155 62 
156 25 
156 194 
156 151 
157 57 
157 82 
157 90 
157 193 
157 169 
158 6 
158 172 
158 74 
158 177 
158 185 
158 67 
158 12 
158 63 
159 160 
159 34 
159 29 
159 71 
159 3 
159 2 
159 116 
159 164 
159 181 
160 183 
160 159 
160 17 
160 165 
160 32 
160 68 
161 129 
161 89 
161 104 
162 16 
162 123 
162 51 
162 132 
162 167 
162 19 
162 8 
162 56 
162 58 
162 106 
163 59 
163 29 
163 48 
163 8 
163 4 
163 81 
163 140 
163 154 
163 168 
164 129 
164 159 
165 160 
165 78 
165 185 
165 169 
165 37 
165 49 
166 110 
166 49 
166 61 
166 87 
167 162 
167 194 
167 153 
167 117 
167 181 
167 196 
167 21 
168 54 
168 120 
168 60 
168 119 
168 94 
168 65 
168 163 
169 80 
169 23 
169 165 
169 137 
169 157 
170 138 
170 32 
170 47 
170 155 
170 115 
170 19 
170 14 
170 51 
170 96 
171 102 
171 148 
171 191 
171 175 
172 127 
172 173 
172 158 
172 61 
172 36 
172 58 
172 6 
173 172 
173 70 
173 106 
173 138 
173 18 
173 108 
173 4 
174 125 
174 140 
175 105 
175 146 
175 122 
175 118 
175 171 
175 75 
175 96 
175 49 
175 121 
176 72 
176 187 
176 6 
176 136 
176 139 
176 47 
176 89 
177 190 
177 63 
177 73 
177 158 
177 109 
177 46 
178 106 
178 33 
178 87 
178 58 
178 181 
178 35 
178 69 
178 128 
178 136 
178 144 
179 14 
179 1 
179 19 
179 34 
180 129 
180 22 
180 78 
180 56 
180 118 
180 127 
180 48 
180 52 
181 196 
181 178 
181 72 
181 167 
181 125 
181 159 
181 147 
182 82 
182 152 
182 92 
182 43 
182 18 
182 103 
183 42 
183 152 
183 160 
183 1 
183 49 
183 128 
184 62 
184 93 
185 59 
185 92 
185 158 
185 165 
186 148 
186 126 
186 97 
186 119 
187 37 
187 62 
187 16 
187 176 
187 90 
187 2 
188 70 
188 104 
188 28 
188 21 
189 37 
189 84 
189 193 
189 195 
190 90 
190 177 
190 60 
190 85 
190 63 
191 115 
191 88 
191 171 
191 147 
191 152 
191 62 
191 51 
192 18 
192 86 
192 39 
192 102 
192 73 
192 145 
193 105 
193 115 
193 48 
193 189 
193 87 
193 23 
193 157 
193 104 
194 126 
194 14 
194 34 
194 18 
194 3 
194 167 
194 156 
195 72 
195 42 
195 69 
195 134 
195 112 
195 8 
195 50 
195 83 
195 150 
195 189 
195 139 
196 62 
196 111 
196 2 
196 21 
196 152 
196 3 
196 181 
196 126 
196 94 
196 137 
196 167 
196 101 
197 54 
197 138 
197 58 
197 72 
197 106 
198 129 
198 79 
198 100 
198 91 
198 68 
199 147 
199 67 
199 104 
199 128 
199 8 
199 135 
199 118 
199 76 
199 144 
199 113 
199 24 
199 140 
200 8 
200 70 
0 0 0