201 500
1 53 
1 7 
1 144 
1 61 
1 166 
2 71 
2 131 
2 172 
2 72 
2 133 
2 159 
3 55 
3 47 
3 32 
4 166 
4 68 
4 196 
5 111 
5 102 
5 117 
5 50 
6 29 
6 58 
6 90 
6 81 
6 67 
7 158 
7 59 
7 46 
7 36 
7 1 
7 70 
7 140 
8 20 
8 97 
9 29 
10 121 
10 55 
10 201 
10 59 
10 14 
10 198 
10 73 
11 56 
11 146 
11 25 
11 112 
11 151 
12 70 
12 201 
12 61 
12 198 
12 129 
12 122 
13 129 
13 50 
13 83 
14 201 
14 55 
14 24 
14 22 
14 10 
14 197 
14 143 
14 25 
14 193 
14 171 
15 58 
15 134 
15 96 
15 42 
15 82 
15 201 
15 45 
15 79 
15 98 
15 153 
16 138 
16 171 
16 187 
16 126 
16 95 
17 47 
17 118 
17 186 
18 170 
18 26 
18 184 
19 134 
19 53 
19 151 
20 42 
20 8 
20 45 
20 139 
20 32 
20 46 
20 22 
21 150 
21 188 
21 71 
21 39 
21 48 
21 186 
22 105 
22 68 
22 116 
22 14 
22 192 
22 20 
23 99 
23 98 
23 197 
23 116 
23 156 
23 121 
24 74 
24 110 
24 133 
24 83 
24 14 
24 95 
24 162 
25 102 
25 117 
25 160 
25 62 
25 11 
25 14 
25 73 
26 125 
26 123 
26 47 
26 18 
26 119 
26 79 
26 48 
27 153 
27 132 
27 198 
28 146 
28 140 
28 77 
28 165 
28 141 
28 69 
28 57 
29 6 
29 31 
29 40 
29 9 
29 92 
29 106 
29 155 
30 127 
30 199 
30 113 
31 29 
31 182 
32 185 
32 170 
32 86 
32 20 
32 37 
32 157 
32 3 
32 70 
33 195 
33 63 
33 54 
34 184 
34 101 
34 136 
35 46 
35 53 
35 183 
35 122 
35 81 
36 7 
36 119 
36 47 
36 76 
36 128 
37 68 
37 87 
37 51 
37 32 
37 95 
37 88 
37 128 
38 177 
38 81 
38 51 
38 193 
38 84 
39 156 
39 21 
39 176 
39 94 
39 158 
39 116 
39 168 
39 190 
39 194 
40 29 
40 136 
41 166 
41 122 
41 111 
42 20 
42 15 
42 196 
42 194 
42 70 
42 132 
42 65 
43 85 
43 109 
43 170 
43 111 
43 196 
43 167 
44 53 
44 61 
44 109 
44 99 
44 138 
45 20 
45 75 
45 15 
46 136 
46 7 
46 60 
46 35 
46 20 
46 109 
46 49 
47 17 
47 26 
47 36 
47 3 
47 104 
47 184 
47 197 
48 140 
48 149 
48 26 
48 125 
48 21 
49 103 
49 76 
49 199 
49 140 
49 46 
50 183 
50 103 
50 13 
50 186 
50 197 
50 145 
50 5 
51 133 
51 38 
51 37 
52 68 
52 134 
52 101 
52 88 
52 118 
52 148 
52 143 
52 177 
53 125 
53 1 
53 44 
53 120 
53 35 
53 19 
54 108 
54 144 
54 82 
54 176 
54 61 
54 158 
54 33 
54 192 
55 93 
55 160 
55 123 
55 14 
55 10 
55 59 
55 168 
55 3 
55 100 
56 167 
56 11 
56 182 
56 146 
57 140 
57 28 
58 15 
58 107 
58 97 
58 6 
58 79 
59 7 
59 55 
59 10 
59 196 
59 188 
59 134 
60 161 
60 186 
60 46 
60 126 
60 114 
60 151 
60 92 
61 100 
61 12 
61 44 
61 54 
61 1 
61 101 
62 122 
62 130 
62 25 
62 72 
63 145 
63 188 
63 122 
63 119 
63 137 
63 33 
63 76 
63 131 
63 170 
64 69 
64 178 
64 170 
64 191 
65 177 
65 113 
65 200 
65 125 
65 130 
65 129 
65 182 
65 179 
65 115 
65 142 
65 42 
66 76 
66 168 
67 132 
67 108 
67 6 
68 52 
68 22 
68 4 
68 37 
68 105 
68 173 
68 79 
69 64 
69 28 
69 71 
69 119 
70 187 
70 12 
70 176 
70 160 
70 90 
70 7 
70 177 
70 42 
70 32 
71 83 
71 2 
71 21 
71 122 
71 115 
71 69 
71 93 
71 156 
72 2 
72 62 
73 129 
73 162 
73 25 
73 10 
74 24 
74 122 
74 167 
75 45 
75 80 
75 191 
75 108 
76 93 
76 185 
76 66 
76 187 
76 49 
76 97 
76 36 
76 63 
77 28 
78 113 
79 125 
79 187 
79 112 
79 26 
79 15 
79 58 
79 68 
79 176 
80 107 
80 75 
80 97 
80 113 
81 38 
81 91 
81 130 
81 192 
81 35 
81 6 
81 151 
82 54 
82 15 
83 71 
83 24 
83 13 
83 106 
83 130 
83 176 
84 162 
84 95 
84 116 
84 120 
84 38 
85 94 
85 43 
85 190 
85 200 
85 117 
86 100 
86 159 
86 196 
86 32 
86 89 
86 134 
87 37 
87 194 
87 167 
87 90 
87 201 
88 52 
88 37 
88 170 
89 152 
89 136 
89 184 
89 189 
89 86 
90 70 
90 169 
90 6 
90 87 
91 81 
92 29 
92 60 
93 55 
93 76 
93 71 
94 101 
94 85 
94 186 
94 39 
94 126 
94 183 
95 84 
95 170 
95 161 
95 24 
95 102 
95 37 
95 16 
96 15 
96 106 
97 58 
97 80 
97 76 
97 8 
98 141 
98 193 
98 23 
98 15 
98 172 
99 185 
99 184 
99 23 
99 157 
99 44 
99 199 
100 61 
100 86 
100 169 
100 55 
100 193 
101 34 
101 162 
101 52 
101 94 
101 170 
101 61 
101 125 
102 25 
102 111 
102 5 
102 133 
102 95 
103 50 
103 49 
103 148 
104 170 
104 108 
104 47 
104 201 
104 160 
104 111 
104 118 
105 22 
105 68 
105 191 
105 170 
106 159 
106 170 
106 133 
106 96 
106 29 
106 158 
106 83 
107 80 
107 58 
107 148 
108 54 
108 104 
108 67 
108 149 
108 75 
109 43 
109 110 
109 46 
109 44 
109 158 
110 24 
110 116 
110 168 
110 109 
110 153 
111 5 
111 165 
111 102 
111 171 
111 181 
111 168 
111 41 
111 104 
111 43 
112 173 
112 79 
112 11 
113 182 
113 30 
113 65 
113 78 
113 177 
113 80 
114 120 
114 60 
114 137 
115 198 
115 116 
115 71 
115 65 
116 170 
116 22 
116 110 
116 115 
116 84 
116 39 
116 23 
116 177 
117 25 
117 150 
117 185 
117 118 
117 5 
117 130 
117 166 
117 85 
118 17 
118 143 
118 117 
118 160 
118 52 
118 158 
118 104 
119 36 
119 63 
119 26 
119 136 
119 187 
119 171 
119 69 
120 114 
120 84 
120 53 
120 128 
121 10 
121 165 
121 124 
121 23 
122 62 
122 74 
122 71 
122 144 
122 63 
122 124 
122 35 
122 41 
122 137 
122 12 
123 168 
123 187 
123 55 
123 170 
123 26 
123 147 
123 125 
124 121 
124 122 
125 53 
125 26 
125 79 
125 65 
125 123 
125 156 
125 48 
125 101 
126 174 
126 16 
126 60 
126 94 
126 165 
127 30 
128 165 
128 120 
128 140 
128 36 
128 37 
129 13 
129 73 
129 142 
129 65 
129 12 
130 188 
130 62 
130 190 
130 138 
130 65 
130 117 
130 81 
130 83 
130 143 
131 144 
131 2 
131 63 
132 67 
132 135 
132 165 
132 27 
132 191 
132 42 
133 24 
133 51 
133 140 
133 106 
133 102 
133 2 
133 145 
134 52 
134 197 
134 15 
134 19 
134 86 
134 59 
135 132 
135 158 
136 46 
136 89 
136 155 
136 34 
136 40 
136 119 
136 139 
137 63 
137 122 
137 114 
138 16 
138 130 
138 44 
139 20 
139 166 
139 136 
140 28 
140 48 
140 133 
140 147 
140 49 
140 7 
140 57 
140 128 
141 98 
141 28 
141 179 
142 129 
142 167 
142 190 
142 65 
143 118 
143 14 
143 52 
143 130 
144 54 
144 131 
144 181 
144 162 
144 122 
144 1 
145 63 
145 50 
145 133 
146 28 
146 11 
146 56 
147 171 
147 123 
147 140 
147 178 
148 107 
148 52 
148 103 
149 48 
149 108 
150 21 
150 197 
150 117 
150 155 
150 164 
150 188 
151 60 
151 11 
151 183 
151 81 
151 19 
152 89 
152 185 
153 27 
153 162 
153 110 
153 15 
154 175 
154 197 
155 136 
155 150 
155 29 
156 39 
156 125 
156 23 
156 71 
157 99 
157 32 
158 7 
158 106 
158 54 
158 39 
158 135 
158 118 
158 191 
158 109 
159 106 
159 86 
159 2 
159 193 
160 55 
160 70 
160 185 
160 25 
160 118 
160 104 
161 60 
161 95 
161 200 
162 84 
162 101 
162 185 
162 144 
162 153 
162 73 
162 24 
163 168 
164 194 
164 150 
164 176 
165 111 
165 28 
165 201 
165 132 
165 121 
165 128 
165 126 
166 4 
166 41 
166 139 
166 1 
166 117 
167 186 
167 56 
167 74 
167 87 
167 142 
167 176 
167 43 
168 123 
168 163 
168 110 
168 55 
168 66 
168 39 
168 111 
169 184 
169 100 
169 90 
170 104 
170 18 
170 116 
170 32 
170 106 
170 123 
170 95 
170 101 
170 105 
170 196 
170 64 
170 43 
170 88 
170 63 
171 16 
171 111 
171 147 
171 175 
171 119 
171 14 
172 2 
172 98 
173 200 
173 194 
173 112 
173 68 
174 126 
174 182 
175 154 
175 171 
176 70 
176 54 
176 39 
176 164 
176 167 
176 79 
176 83 
177 65 
177 38 
177 70 
177 116 
177 52 
177 113 
178 64 
178 179 
178 147 
179 188 
179 141 
179 65 
179 178 
180 183 
181 111 
181 144 
182 113 
182 56 
182 31 
182 65 
182 174 
183 50 
183 35 
183 151 
183 180 
183 94 
184 169 
184 34 
184 193 
184 99 
184 89 
184 18 
184 47 
185 32 
185 99 
185 76 
185 160 
185 162 
185 117 
185 152 
186 167 
186 60 
186 193 
186 17 
186 94 
186 50 
186 21 
187 70 
187 123 
187 16 
187 76 
187 79 
187 119 
188 130 
188 21 
188 63 
188 179 
188 59 
188 150 
189 89 
190 130 
190 200 
190 85 
190 39 
190 142 
191 75 
191 105 
191 64 
191 132 
191 158 
192 22 
192 81 
192 54 
193 184 
193 186 
193 98 
193 38 
193 100 
193 14 
193 159 
194 164 
194 173 
194 87 
194 42 
194 39 
195 33 
196 86 
196 42 
196 59 
196 170 
196 4 
196 43 
197 150 
197 134 
197 14 
197 50 
197 154 
197 23 
197 47 
198 115 
198 10 
198 12 
198 27 
199 30 
199 49 
199 99 
200 190 
200 173 
200 65 
200 85 
200 161 
201 14 
201 12 
201 10 
201 165 
201 15 
201 104 
201 87 
0 0 0