simple
50 vertices, 200 edges 
0: 11 29 49 8 22 
1: 13 29 8 36 19 37 28 25 49 
2: 39 25 38 22 35 41 
3: 47 10 19 37 15 44 
4: 19 27 38 43 12 48 
5: 27 9 32 12 17 13 15 31 33 
6: 21 49 26 40 7 35 39 44 15 29 11 
7: 37 18 6 24 22 12 23 25 
8: 1 35 22 26 49 30 44 10 23 36 0 
9: 32 10 5 24 39 49 
10: 17 29 9 18 3 8 28 
11: 28 40 0 45 36 32 6 
12: 45 26 23 5 4 7 32 
13: 37 1 23 45 33 30 5 31 
14: 34 41 48 17 42 45 31 
15: 32 49 43 44 41 37 6 5 17 3 
16: 25 27 49 18 17 45 29 19 
17: 10 48 16 27 14 19 5 20 15 31 
18: 25 28 10 16 7 49 45 23 
19: 34 4 37 47 1 43 48 17 3 16 36 
20: 26 48 29 47 39 30 43 17 
21: 6 40 43 33 
22: 42 8 43 30 2 32 7 34 0 
23: 13 31 39 12 42 8 24 46 7 32 27 18 44 34 
24: 49 36 31 43 46 47 9 7 23 
25: 31 16 2 18 40 28 1 34 7 
26: 20 28 8 6 12 46 30 
27: 33 5 4 16 41 17 23 
28: 11 26 46 18 37 41 10 1 25 
29: 38 10 1 20 48 0 42 34 46 6 16 
30: 40 46 45 22 8 20 13 47 26 
31: 25 24 23 48 13 5 17 47 14 
32: 15 37 9 5 22 11 23 12 
33: 27 46 13 5 21 
34: 19 14 29 40 22 41 25 23 
35: 8 6 2 41 43 
36: 24 1 11 8 19 
37: 7 13 32 19 28 15 1 3 
38: 29 4 2 41 44 
39: 2 23 9 47 6 20 
40: 30 11 21 6 34 25 45 46 
41: 14 27 15 35 28 38 2 34 
42: 22 23 29 49 46 14 
43: 24 22 15 4 19 20 21 35 46 
44: 15 45 8 6 38 46 3 23 
45: 30 13 11 12 44 16 14 40 18 49 
46: 30 24 28 33 23 29 26 42 44 40 43 
47: 3 20 24 19 39 30 31 
48: 17 20 29 14 19 31 4 
49: 24 6 15 16 8 9 42 0 18 1 45 


